Simple Map Example
###
### STATIC MODELS
###
1 # number of static models
models\room.txt
###
### DYNAMIC MODELS
###
2 # number of dynamic models
models\door.txt
models\boss.txt
###
### SOUNDS
###
2 # number of sounds
sounds\door.wav
music\theme.wav
###
### STATIC MODEL INSTANCES
###
1 # number of static model instances
SM_ROOM
0
0.0 0.0 0.0
1.0 0.0 0.0 0.0 0.0 1.0 0.0 0.0 0.0 0.0 1.0 0.0 0.0 0.0 0.0 1.0
###
### DYNAMIC MODEL INSTANCES
###
9 # number of dynamic model instances
BOSS_01
1
2.0 0.0 0.0
1.0 0.0 0.0 2.0 0.0 1.0 0.0 0.0 0.0 0.0 1.0 0.0 0.0 0.0 0.0 1.0
dm001
0
2.0 -8.0 0.0
-0.0 -1.0 0.0 2.0 1.0 -0.0 0.0 -8.0 0.0 0.0 1.0 0.0 0.0 0.0 0.0 1.0
dm002
0
2.0 -6.0 0.0
-0.0 -1.0 0.0 2.0 1.0 -0.0 0.0 -6.0 0.0 0.0 1.0 0.0 0.0 0.0 0.0 1.0
dm003
0
4.0 2.0 0.0
-0.0 -1.0 0.0 4.0 1.0 -0.0 0.0 2.0 0.0 0.0 1.0 0.0 0.0 0.0 0.0 1.0
dm004
0
4.0 4.0 0.0
-0.0 -1.0 0.0 4.0 1.0 -0.0 0.0 4.0 0.0 0.0 1.0 0.0 0.0 0.0 0.0 1.0
dm005
0
-2.0 6.0 0.0
-1.0 0.0 0.0 -2.0 -0.0 -1.0 0.0 6.0 0.0 0.0 1.0 0.0 0.0 0.0 0.0 1.0
dm006
0
-4.0 6.0 0.0
-1.0 0.0 0.0 -4.0 -0.0 -1.0 0.0 6.0 0.0 0.0 1.0 0.0 0.0 0.0 0.0 1.0
dm007
0
-8.0 0.0 0.0
-0.0 1.0 0.0 -8.0 -1.0 -0.0 0.0 0.0 0.0 0.0 1.0 0.0 0.0 0.0 0.0 1.0
dm008
0
0.0 -8.0 0.0
1.0 0.0 0.0 0.0 0.0 1.0 0.0 -8.0 0.0 0.0 1.0 0.0 0.0 0.0 0.0 1.0
###
### CAMERA ANIMATIONS
###
1 # number of camera animations
CA_01
-0.978547990322113 -59.04840087890625 26.371200561523438
1.0 0.0 0.0 -0.978547990322113 0.0 1.0 0.0 -59.04840087890625 0.0 0.0 1.0 26.371200561523438 0.0 0.0 0.0 1.0
0
9 # of camera markers
cm001
-0.4892739951610565 -27.35685157775879 13.185600280761719
0.4927482306957245 -0.8632088303565979 0.10985827445983887 -0.48927396535873413 0.8432577252388 0.5048428773880005 0.18452516198158264 -27.356847763061523 -0.21474508941173553 0.0017143995501101017 0.9766684770584106 13.185600280761719 0.0 0.0 0.0 1.0
0.0017553394427523017 0.21643081307411194 1.041972041130066
0
1.0
1
60.0
1
cm002
2.625770092010498 -22.025999069213867 11.828100204467773
0.3066774606704712 -0.9418208599090576 0.13755783438682556 2.625770092010498 0.8612790107727051 0.33611100912094116 0.3810874819755554 -22.025997161865234 -0.4051509201526642 0.0016047416720539331 0.9142484068870544 11.828100204467773 0.0 0.0 0.0 1.0
0.0017552301287651062 0.41714394092559814 1.228722333908081
1
1.0
1
60.0
1
cm003
4.648349761962891 -14.398225784301758 9.390669822692871
-0.07937584072351456 -0.9945202469825745 -0.06803461164236069 4.648349761962891 0.755104660987854 -0.10454294830560684 0.6472152471542358 -14.398223876953125 -0.6507813334465027 0.0 0.7592652440071106 9.390669822692871 0.0 0.0 0.0 1.0
0.0 0.7086129784584045 1.6755307912826538
2
1.0
1
60.0
1
cm004
3.9033401012420654 -11.556900024414062 5.611000061035156
-0.2094806283712387 -0.9036389589309692 -0.37356969714164734 3.9033401012420654 0.42013490200042725 -0.42816194891929626 0.800102710723877 -11.556899070739746 -0.8829521536827087 0.010656367987394333 0.46934226155281067 5.611000061035156 0.0 0.0 0.0 1.0
0.022700952365994453 1.0821138620376587 2.0333261489868164
3
1.0
1
60.0
1
cm005
3.2364799976348877 -9.850119590759277 1.780400037765503
-0.15387383103370667 -0.979098916053772 -0.13299085199832916 3.2364799976348877 0.7365058660507202 -0.20337630808353424 0.6451330184936523 -9.850118637084961 -0.6586969494819641 0.0013205379946157336 0.752406895160675 1.780400037765503 0.0 0.0 0.0 1.0
0.001755023025907576 0.719085693359375 1.776757836341858
4
1.0
1
60.0
1
cm006
3.1344199180603027 -9.309049606323242 1.0428600311279297
-0.0914410874247551 -0.9955980181694031 -0.020544564351439476 3.1344199180603027 0.9672340154647827 -0.09370502829551697 0.23596109449863434 -9.309048652648926 -0.2368476837873459 0.0017051368486136198 0.9715451598167419 1.0428600311279297 0.0 0.0 0.0 1.0
0.0017550557386130095 0.23911996185779572 1.6650549173355103
5
1.0
1
60.0
1
cm007
3.1344199180603027 -7.096683025360107 1.0428600311279297
-0.0017574290977790952 -1.0 0.0017369515262544155 3.1344199180603027 1.0 -0.0017390312859788537 0.010484772734344006 -7.096682071685791 -0.010481723584234715 0.0017551849596202374 1.0 1.0428600311279297 0.0 0.0 0.0 1.0
0.0017552770441398025 0.010481322184205055 1.5725537538528442
6
1.0
1
60.0
1
cm008
3.1344199180603027 -4.030660152435303 1.0428600311279297
-0.19754736125469208 -0.9802554845809937 0.008617281913757324 3.1344199180603027 0.9796721935272217 -0.19772742688655853 -0.033854011446237564 -4.0306596755981445 0.034889500588178635 0.0017543429275974631 0.9993883967399597 1.0428600311279297 0.0 0.0 0.0 1.0
0.0017554137157276273 -0.03489658236503601 1.7697744369506836
7
1.0
1
60.0
1
cm009
2.2364799976348877 -1.3330700397491455 1.0428600311279297
-0.3562593162059784 -0.9341663718223572 0.020307032391428947 2.2364799976348877 0.9329209327697754 -0.35683318972587585 -0.04825661703944206 -1.333069920539856 0.05232594534754753 0.001752985641360283 0.9986284971237183 1.0428600311279297 0.0 0.0 0.0 1.0
0.001755399745889008 -0.052349843084812164 1.935580849647522
8
1.0
1
60.0
1
###
### ENTITY MARKER LISTS
###
1 # number of entity marker lists
boss_anim_01
4.0 0.0 0.0
1.0 0.0 0.0 4.0 0.0 1.0 0.0 0.0 0.0 0.0 1.0 0.0 0.0 0.0 0.0 1.0
BOSS_01
2 # of entity markers
ba01_em01
2.0 0.0 0.0
1.0 0.0 0.0 2.0 0.0 1.0 0.0 0.0 0.0 0.0 1.0 0.0 0.0 0.0 0.0 1.0
0.0 0.0 0.0
0
0.0
1
-1
0
-1
0
ba01_em02
3.6547765731811523 -2.3415212631225586 0.0
0.8097804188728333 -0.5867330431938171 0.0 3.6547765731811523 0.5867330431938171 0.8097804188728333 0.0 -2.3415212631225586 0.0 0.0 1.0 0.0 0.0 0.0 0.0 1.0
0.0 0.0 0.6270185708999634
1
1.0
1
-1
0
-1
0
###
### DOOR CONTROLLERS
###
8 # number of door controllers
dc001
3.0 -8.0 1.0
2.0 0.0 0.0 3.0 0.0 1.0 0.0 -8.0 0.0 0.0 2.0 1.0 0.0 0.0 0.0 1.0
0.5 0.5 0.5
1
-1
-1
-1
0
0
5.0
0
dc002
3.0 -6.0 1.0
2.0 0.0 0.0 3.0 0.0 1.0 0.0 -6.0 0.0 0.0 2.0 1.0 0.0 0.0 0.0 1.0
0.5 0.5 0.5
2
-1
-1
-1
0
0
5.0
0
dc003
5.0 2.0 1.0
2.0 0.0 0.0 5.0 0.0 1.0 0.0 2.0 0.0 0.0 2.0 1.0 0.0 0.0 0.0 1.0
0.5 0.5 0.5
3
-1
-1
-1
0
0
5.0
0
dc004
5.0 4.0 1.0
2.0 0.0 0.0 5.0 0.0 1.0 0.0 4.0 0.0 0.0 2.0 1.0 0.0 0.0 0.0 1.0
0.5 0.5 0.5
4
-1
-1
-1
0
0
5.0
0
dc005
-2.0 7.0 1.0
1.0 0.0 0.0 -2.0 0.0 2.0 0.0 7.0 0.0 0.0 2.0 1.0 0.0 0.0 0.0 1.0
0.5 0.5 0.5
5
-1
-1
-1
0
0
5.0
0
dc006
-4.0 7.0 1.0
1.0 0.0 0.0 -4.0 0.0 2.0 0.0 7.0 0.0 0.0 2.0 1.0 0.0 0.0 0.0 1.0
0.5 0.5 0.5
6
-1
-1
-1
0
0
5.0
0
dc007
-9.0 0.0 1.0
2.0 0.0 0.0 -9.0 0.0 1.0 0.0 0.0 0.0 0.0 2.0 1.0 0.0 0.0 0.0 1.0
0.5 0.5 0.5
7
-1
-1
-1
0
0
5.0
0
dc008
0.0 -9.0 1.0
1.0 0.0 0.0 0.0 0.0 2.0 0.0 -9.0 0.0 0.0 2.0 1.0 0.0 0.0 0.0 1.0
0.5 0.5 0.5
8
-1
-1
-1
0
0
5.0
0
###
### PORTALS
###
8 # number of portals
portal_001_002
4
4.0 -8.0 0.0
2.0 -8.0 0.0
2.0 -8.0 2.0
4.0 -8.0 2.0
0 1 2 3
portal_002_003
4
4.0 -6.0 2.0
2.0 -6.0 2.0
2.0 -6.0 0.0
4.0 -6.0 0.0
0 1 2 3
portal_003_004
4
4.0 2.0 0.0
6.0 2.0 0.0
6.0 2.0 2.0
4.0 2.0 2.0
0 1 2 3
portal_004_005
4
6.0 4.0 0.0
6.0 4.0 2.0
4.0 4.0 2.0
4.0 4.0 0.0
0 1 2 3
portal_005_006
4
-2.0 6.0 0.0
-2.0 6.0 2.0
-2.0 8.0 2.0
-2.0 8.0 0.0
0 1 2 3
portal_006_007
4
-4.0 6.0 0.0
-4.0 8.0 0.0
-4.0 8.0 2.0
-4.0 6.0 2.0
0 1 2 3
portal_007_008
4
-8.0 0.0 0.0
-10.0 0.0 0.0
-10.0 0.0 2.0
-8.0 0.0 2.0
0 1 2 3
portal_008_001
4
0.0 -10.0 0.0
0.0 -10.0 2.0
0.0 -8.0 2.0
0.0 -8.0 0.0
0 1 2 3
