Simple Map Example
###
### STATIC MODELS
###
1 # number of static models
models\room.txt
###
### DYNAMIC MODELS
###
2 # number of dynamic models
models\door.txt
models\boss.txt
###
### SOUNDS
###
2 # number of sounds
sounds\door.wav
music\theme.wav
###
### STATIC MODEL INSTANCES
###
1 # number of static model instances
SM_ROOM
0
0.0 0.0 0.0
1.0 0.0 0.0 0.0 0.0 1.0 0.0 0.0 0.0 0.0 1.0 0.0 0.0 0.0 0.0 1.0
###
### DYNAMIC MODEL INSTANCES
###
9 # number of dynamic model instances
BOSS_01
1
2.0 0.0 0.0
1.0 0.0 0.0 2.0 0.0 1.0 0.0 0.0 0.0 0.0 1.0 0.0 0.0 0.0 0.0 1.0
dm001
0
2.0 -8.0 0.0
-0.0 -1.0 0.0 2.0 1.0 -0.0 0.0 -8.0 0.0 0.0 1.0 0.0 0.0 0.0 0.0 1.0
dm002
0
2.0 -6.0 0.0
-0.0 -1.0 0.0 2.0 1.0 -0.0 0.0 -6.0 0.0 0.0 1.0 0.0 0.0 0.0 0.0 1.0
dm003
0
4.0 2.0 0.0
-0.0 -1.0 0.0 4.0 1.0 -0.0 0.0 2.0 0.0 0.0 1.0 0.0 0.0 0.0 0.0 1.0
dm004
0
4.0 4.0 0.0
-0.0 -1.0 0.0 4.0 1.0 -0.0 0.0 4.0 0.0 0.0 1.0 0.0 0.0 0.0 0.0 1.0
dm005
0
-2.0 6.0 0.0
-1.0 0.0 0.0 -2.0 -0.0 -1.0 0.0 6.0 0.0 0.0 1.0 0.0 0.0 0.0 0.0 1.0
dm006
0
-4.0 6.0 0.0
-1.0 0.0 0.0 -4.0 -0.0 -1.0 0.0 6.0 0.0 0.0 1.0 0.0 0.0 0.0 0.0 1.0
dm007
0
-8.0 0.0 0.0
-0.0 1.0 0.0 -8.0 -1.0 -0.0 0.0 0.0 0.0 0.0 1.0 0.0 0.0 0.0 0.0 1.0
dm008
0
0.0 -8.0 0.0
1.0 0.0 0.0 0.0 0.0 1.0 0.0 -8.0 0.0 0.0 1.0 0.0 0.0 0.0 0.0 1.0
###
### CAMERA ANIMATIONS
###
1 # number of camera animations
CA_01
-0.978547990322113 -59.04840087890625 26.371200561523438
1.0 0.0 0.0 -0.978547990322113 0.0 1.0 0.0 -59.04840087890625 0.0 0.0 1.0 26.371200561523438 0.0 0.0 0.0 1.0
0
9 # of camera markers
cm001
-0.4892739951610565 -27.356847763061523 13.185600280761719
0.4927482306957245 -0.8632089495658875 0.10985829681158066 -0.48927396535873413 0.8432577252388 0.5048429369926453 0.18452516198158264 -27.356843948364258 -0.21474508941173553 0.0017144124722108245 0.9766685366630554 13.185600280761719 0.0 0.0 0.0 1.0
0.0017553665675222874 0.21643082797527313 1.041972041130066
0
1.0
1
60.0
1
cm002
2.625770092010498 -22.025999069213867 11.828100204467773
0.30667757987976074 -0.9418208599090576 0.13755789399147034 2.625770092010498 0.8612790107727051 0.3361111283302307 0.38108739256858826 -22.025997161865234 -0.4051508903503418 0.001604761928319931 0.9142484068870544 11.828100204467773 0.0 0.0 0.0 1.0
0.0017552929930388927 0.41714388132095337 1.228722333908081
1
1.0
1
60.0
1
cm003
4.648349761962891 -14.398223876953125 9.390669822692871
-0.07937557250261307 -0.994520366191864 -0.06803438812494278 4.648349761962891 0.755104660987854 -0.10454260557889938 0.6472153067588806 -14.398221969604492 -0.6507813930511475 0.0 0.7592651844024658 9.390669822692871 0.0 0.0 0.0 1.0
0.0 0.7086130976676941 1.6755304336547852
2
1.0
1
60.0
1
cm004
3.9033401012420654 -11.556900024414062 5.611000061035156
-0.20948028564453125 -0.9036392569541931 -0.3735693097114563 3.9033401012420654 0.42013493180274963 -0.42816147208213806 0.800102949142456 -11.556899070739746 -0.8829522132873535 0.010656281374394894 0.4693421423435211 5.611000061035156 0.0 0.0 0.0 1.0
0.022700821980834007 1.0821139812469482 2.033325433731079
3
1.0
1
60.0
1
cm005
3.2364799976348877 -9.850119590759277 1.780400037765503
-0.1538737416267395 -0.9790990948677063 -0.13299065828323364 3.2364799976348877 0.7365058660507202 -0.2033761441707611 0.6451330780982971 -9.850118637084961 -0.6586969494819641 0.0013206361327320337 0.752406895160675 1.780400037765503 0.0 0.0 0.0 1.0
0.0017551241908222437 0.719085693359375 1.7767577171325684
4
1.0
1
60.0
1
cm006
3.1344199180603027 -9.309049606323242 1.0428600311279297
-0.0914410874247551 -0.9955980181694031 -0.020544521510601044 3.1344199180603027 0.9672340154647827 -0.09370502084493637 0.23596110939979553 -9.309048652648926 -0.2368476837873459 0.0017051792237907648 0.9715452790260315 1.0428600311279297 0.0 0.0 0.0 1.0
0.001755086937919259 0.23911991715431213 1.6650549173355103
5
1.0
1
60.0
1
cm007
3.1344199180603027 -7.096682071685791 1.0428600311279297
-0.0017573295626789331 -1.0 0.0017369056586176157 3.1344199180603027 1.0 -0.0017390222055837512 0.010484819300472736 -7.096681118011475 -0.01048176921904087 0.001755230943672359 1.0 1.0428600311279297 0.0 0.0 0.0 1.0
0.0017552768113091588 0.010481322184205055 1.5725537538528442
6
1.0
1
60.0
1
cm008
3.1344199180603027 -4.030660152435303 1.0428600311279297
-0.19754736125469208 -0.9802554845809937 0.008617272600531578 3.1344199180603027 0.9796721935272217 -0.19772742688655853 -0.033854007720947266 -4.0306596755981445 0.03488949313759804 0.001754335593432188 0.9993883967399597 1.0428600311279297 0.0 0.0 0.0 1.0
0.0017554090591147542 -0.03489657863974571 1.7697744369506836
7
1.0
1
60.0
1
cm009
2.2364799976348877 -1.3330700397491455 1.0428600311279297
-0.3562590479850769 -0.9341665506362915 0.020307021215558052 2.2364799976348877 0.9329208731651306 -0.35683301091194153 -0.04825662449002266 -1.333069920539856 0.05232594162225723 0.0017529851756989956 0.9986284971237183 1.0428600311279297 0.0 0.0 0.0 1.0
0.0017553864745423198 -0.05234985053539276 1.935580849647522
8
1.0
1
60.0
1
###
### DOOR CONTROLLERS
###
8 # number of door controllers
dc001
3.0 -8.0 1.0
2.0 0.0 0.0 3.0 0.0 1.0 0.0 -8.0 0.0 0.0 2.0 1.0 0.0 0.0 0.0 1.0
0.5 0.5 0.5
1
-
-open_L
-close_L
0
0
5.0
0
dc002
3.0 -6.0 1.0
2.0 0.0 0.0 3.0 0.0 1.0 0.0 -6.0 0.0 0.0 2.0 1.0 0.0 0.0 0.0 1.0
0.5 0.5 0.5
2
-
-open_L
-close_L
0
0
5.0
0
dc003
5.0 2.0 1.0
2.0 0.0 0.0 5.0 0.0 1.0 0.0 2.0 0.0 0.0 2.0 1.0 0.0 0.0 0.0 1.0
0.5 0.5 0.5
3
-
-open_L
-close_L
0
0
5.0
0
dc004
5.0 4.0 1.0
2.0 0.0 0.0 5.0 0.0 1.0 0.0 4.0 0.0 0.0 2.0 1.0 0.0 0.0 0.0 1.0
0.5 0.5 0.5
4
-
-open_L
-close_L
0
0
5.0
0
dc005
-2.0 7.0 1.0
1.0 0.0 0.0 -2.0 0.0 2.0 0.0 7.0 0.0 0.0 2.0 1.0 0.0 0.0 0.0 1.0
0.5 0.5 0.5
5
-
-open_L
-close_L
0
0
5.0
0
dc006
-4.0 7.0 1.0
1.0 0.0 0.0 -4.0 0.0 2.0 0.0 7.0 0.0 0.0 2.0 1.0 0.0 0.0 0.0 1.0
0.5 0.5 0.5
6
-
-open_L
-close_L
0
0
5.0
0
dc007
-9.0 0.0 1.0
2.0 0.0 0.0 -9.0 0.0 1.0 0.0 0.0 0.0 0.0 2.0 1.0 0.0 0.0 0.0 1.0
0.5 0.5 0.5
7
-
-open_L
-close_L
0
0
5.0
0
dc008
0.0 -9.0 1.0
1.0 0.0 0.0 0.0 0.0 2.0 0.0 -9.0 0.0 0.0 2.0 1.0 0.0 0.0 0.0 1.0
0.5 0.5 0.5
8
-
-open_L
-close_L
0
0
5.0
0
###
### PORTALS
###
8 # number of portals
portal_001_002
4
4.0 -8.0 0.0
2.0 -8.0 0.0
2.0 -8.0 2.0
4.0 -8.0 2.0
0 1 2 3
portal_002_003
4
4.0 -6.0 2.0
2.0 -6.0 2.0
2.0 -6.0 0.0
4.0 -6.0 0.0
0 1 2 3
portal_003_004
4
4.0 2.0 0.0
6.0 2.0 0.0
6.0 2.0 2.0
4.0 2.0 2.0
0 1 2 3
portal_004_005
4
6.0 4.0 0.0
6.0 4.0 2.0
4.0 4.0 2.0
4.0 4.0 0.0
0 1 2 3
portal_005_006
4
-2.0 6.0 0.0
-2.0 6.0 2.0
-2.0 8.0 2.0
-2.0 8.0 0.0
0 1 2 3
portal_006_007
4
-4.0 6.0 0.0
-4.0 8.0 0.0
-4.0 8.0 2.0
-4.0 6.0 2.0
0 1 2 3
portal_007_008
4
-8.0 0.0 0.0
-10.0 0.0 0.0
-10.0 0.0 2.0
-8.0 0.0 2.0
0 1 2 3
portal_008_001
4
0.0 -10.0 0.0
0.0 -10.0 2.0
0.0 -8.0 2.0
0.0 -8.0 0.0
0 1 2 3
