Simple Map Example
###
### STATIC MODELS
###
1 # number of static models
models\room.txt
###
### DYNAMIC MODELS
###
2 # number of dynamic models
models\door.txt
models\boss.txt
###
### SOUNDS
###
2 # number of sounds
sounds\door.wav
music\theme.wav
###
### STATIC MODEL INSTANCES
###
1 # number of static model instances
SM_ROOM
0
0.0 0.0 0.0
1.0 0.0 0.0 0.0 0.0 1.0 0.0 0.0 0.0 0.0 1.0 0.0 0.0 0.0 0.0 1.0
###
### DYNAMIC MODEL INSTANCES
###
9 # number of dynamic model instances
BOSS_01
1
2.0 0.0 0.0
1.0 0.0 0.0 2.0 0.0 1.0 0.0 0.0 0.0 0.0 1.0 0.0 0.0 0.0 0.0 1.0
dm001
0
2.0 -8.0 0.0
-0.0 -1.0 0.0 2.0 1.0 -0.0 0.0 -8.0 0.0 0.0 1.0 0.0 0.0 0.0 0.0 1.0
dm002
0
2.0 -6.0 0.0
-0.0 -1.0 0.0 2.0 1.0 -0.0 0.0 -6.0 0.0 0.0 1.0 0.0 0.0 0.0 0.0 1.0
dm003
0
4.0 2.0 0.0
-0.0 -1.0 0.0 4.0 1.0 -0.0 0.0 2.0 0.0 0.0 1.0 0.0 0.0 0.0 0.0 1.0
dm004
0
4.0 4.0 0.0
-0.0 -1.0 0.0 4.0 1.0 -0.0 0.0 4.0 0.0 0.0 1.0 0.0 0.0 0.0 0.0 1.0
dm005
0
-2.0 6.0 0.0
-1.0 0.0 0.0 -2.0 -0.0 -1.0 0.0 6.0 0.0 0.0 1.0 0.0 0.0 0.0 0.0 1.0
dm006
0
-4.0 6.0 0.0
-1.0 0.0 0.0 -4.0 -0.0 -1.0 0.0 6.0 0.0 0.0 1.0 0.0 0.0 0.0 0.0 1.0
dm007
0
-8.0 0.0 0.0
-0.0 1.0 0.0 -8.0 -1.0 -0.0 0.0 0.0 0.0 0.0 1.0 0.0 0.0 0.0 0.0 1.0
dm008
0
0.0 -8.0 0.0
1.0 0.0 0.0 0.0 0.0 1.0 0.0 -8.0 0.0 0.0 1.0 0.0 0.0 0.0 0.0 1.0
###
### CAMERA ANIMATIONS
###
1 # number of camera animations
CA_01
-0.978547990322113 -59.04840087890625 26.371200561523438
1.0 0.0 0.0 -0.978547990322113 0.0 1.0 0.0 -59.04840087890625 0.0 0.0 1.0 26.371200561523438 0.0 0.0 0.0 1.0
0
9 # of camera markers
cm001
-0.4892739951610565 -27.356889724731445 13.185600280761719
0.4927475154399872 -0.8632084727287292 0.10985804349184036 -0.48927396535873413 0.8432581424713135 0.504841685295105 0.1845252513885498 -27.35688591003418 -0.21474505960941315 0.0017143297009170055 0.9766684770584106 13.185600280761719 0.0 0.0 0.0 1.0
0.0017552837962284684 0.21643079817295074 1.0419728755950928
0
0.0
1
60.0
1
cm002
2.625770092010498 -22.025999069213867 11.828100204467773
0.3066766560077667 -0.9418208599090576 0.137557253241539 2.625770092010498 0.8612794280052185 0.33610984683036804 0.3810877203941345 -22.025997161865234 -0.40515100955963135 0.0016045118682086468 0.9142484068870544 11.828100204467773 0.0 0.0 0.0 1.0
0.001755005563609302 0.41714394092559814 1.2287232875823975
1
10.0
1
60.0
1
cm003
4.648349761962891 -14.398244857788086 9.390669822692871
-0.07937604933977127 -0.9945202469825745 -0.06803475320339203 4.648349761962891 0.7551048994064331 -0.10454318672418594 0.6472150087356567 -14.398242950439453 -0.6507812142372131 0.0 0.7592653632164001 9.390669822692871 0.0 0.0 0.0 1.0
0.0 0.7086127996444702 1.6755309104919434
2
20.0
1
60.0
1
cm004
3.9033401012420654 -11.556900024414062 5.611000061035156
-0.20948198437690735 -0.9036373496055603 -0.37357255816459656 3.9033401012420654 0.4201340973377228 -0.428165078163147 0.8001014590263367 -11.556899070739746 -0.8829522132873535 0.010656267404556274 0.4693421423435211 5.611000061035156 0.0 0.0 0.0 1.0
0.02270093373954296 1.0821139812469482 2.033329486846924
3
30.0
1
60.0
1
cm005
3.2364799976348877 -9.850119590759277 1.780400037765503
-0.15387378633022308 -0.9790983200073242 -0.13299128413200378 3.2364799976348877 0.7365056872367859 -0.20337644219398499 0.6451331377029419 -9.850118637084961 -0.6586971879005432 0.0013202449772506952 0.7524067163467407 1.780400037765503 0.0 0.0 0.0 1.0
0.0017546960152685642 0.7190859913825989 1.776757836341858
4
40.0
1
60.0
1
cm006
3.1344199180603027 -9.309049606323242 1.0428600311279297
-0.09144143015146255 -0.9955979585647583 -0.020544974133372307 3.1344199180603027 0.9672338962554932 -0.09370546042919159 0.23596106469631195 -9.309048652648926 -0.2368478924036026 0.001704820548184216 0.9715442657470703 1.0428600311279297 0.0 0.0 0.0 1.0
0.0017547402530908585 0.23912015557289124 1.665055513381958
5
50.0
1
60.0
1
cm007
3.1344199180603027 -7.0966925621032715 1.0428600311279297
-0.0017574290977790952 -1.0 0.0017369515262544155 3.1344199180603027 1.0 -0.0017390312859788537 0.010484772734344006 -7.096691608428955 -0.010481723584234715 0.0017551849596202374 1.0 1.0428600311279297 0.0 0.0 0.0 1.0
0.0017552770441398025 0.010481322184205055 1.5725537538528442
6
60.0
1
60.0
1
cm008
3.1344199180603027 -4.030660152435303 1.0428600311279297
-0.19754736125469208 -0.9802554845809937 0.008617282845079899 3.1344199180603027 0.9796721935272217 -0.19772742688655853 -0.033854011446237564 -4.0306596755981445 0.034889500588178635 0.0017543440917506814 0.9993883967399597 1.0428600311279297 0.0 0.0 0.0 1.0
0.0017554137157276273 -0.03489658236503601 1.7697744369506836
7
70.0
1
60.0
1
cm009
2.2364799976348877 -1.3330700397491455 1.0428600311279297
-0.3562595844268799 -0.934166431427002 0.020307084545493126 2.2364799976348877 0.9329211711883545 -0.3568333387374878 -0.048256587237119675 -1.333069920539856 0.052325956523418427 0.0017530377954244614 0.9986284971237183 1.0428600311279297 0.0 0.0 0.0 1.0
0.001755443518050015 -0.052349839359521866 1.9355809688568115
8
80.0
1
60.0
1
###
### ENTITY MARKER LISTS
###
1 # number of entity marker lists
boss_anim_01
4.0 0.0 0.0
1.0 0.0 0.0 4.0 0.0 1.0 0.0 0.0 0.0 0.0 1.0 0.0 0.0 0.0 0.0 1.0
BOSS_01
2 # of entity markers
ba01_em01
2.0 0.0 0.0
1.0 0.0 0.0 2.0 0.0 1.0 0.0 0.0 0.0 0.0 1.0 0.0 0.0 0.0 0.0 1.0
0.0 0.0 0.0
0
0.0
1
-1
0
-1
0
ba01_em02
3.6547765731811523 -2.3415212631225586 0.0
0.8097804188728333 -0.5867330431938171 0.0 3.6547765731811523 0.5867330431938171 0.8097804188728333 0.0 -2.3415212631225586 0.0 0.0 1.0 0.0 0.0 0.0 0.0 1.0
0.0 0.0 0.6270185708999634
1
1.0
1
-1
0
-1
0
###
### DOOR CONTROLLERS
###
8 # number of door controllers
dc001
3.0 -8.0 1.0
1.0 0.0 0.0 3.0 0.0 1.0 0.0 -8.0 0.0 0.0 1.0 1.0 0.0 0.0 0.0 1.0
1.0 0.5 1.0
1
-1
1
0
0
0
5.0
0
dc002
3.0 -6.0 1.0
1.0 0.0 0.0 3.0 0.0 1.0 0.0 -6.0 0.0 0.0 1.0 1.0 0.0 0.0 0.0 1.0
1.0 0.5 1.0
2
-1
1
0
0
0
5.0
0
dc003
5.0 2.0 1.0
1.0 0.0 0.0 5.0 0.0 1.0 0.0 2.0 0.0 0.0 1.0 1.0 0.0 0.0 0.0 1.0
1.0 0.5 1.0
3
-1
1
0
0
0
5.0
0
dc004
5.0 4.0 1.0
1.0 0.0 0.0 5.0 0.0 1.0 0.0 4.0 0.0 0.0 1.0 1.0 0.0 0.0 0.0 1.0
1.0 0.5 1.0
4
-1
1
0
0
0
5.0
0
dc005
-2.0 7.0 1.0
1.0 0.0 0.0 -2.0 0.0 1.0 0.0 7.0 0.0 0.0 1.0 1.0 0.0 0.0 0.0 1.0
0.5 1.0 1.0
5
-1
1
0
0
0
5.0
0
dc006
-4.0 7.0 1.0
1.0 0.0 0.0 -4.0 0.0 1.0 0.0 7.0 0.0 0.0 1.0 1.0 0.0 0.0 0.0 1.0
0.5 1.0 1.0
6
-1
1
0
0
0
5.0
0
dc007
-9.0 0.0 1.0
1.0 0.0 0.0 -9.0 0.0 1.0 0.0 0.0 0.0 0.0 1.0 1.0 0.0 0.0 0.0 1.0
1.0 0.5 1.0
7
-1
1
0
0
0
5.0
0
dc008
0.0 -9.0 1.0
1.0 0.0 0.0 0.0 0.0 1.0 0.0 -9.0 0.0 0.0 1.0 1.0 0.0 0.0 0.0 1.0
0.5 1.0 1.0
8
-1
1
0
0
0
5.0
0
###
### PORTALS
###
8 # number of portals
portal_001_002
4
4.0 -8.0 0.0
2.0 -8.0 0.0
2.0 -8.0 2.0
4.0 -8.0 2.0
0 1 2 3
portal_002_003
4
4.0 -6.0 2.0
2.0 -6.0 2.0
2.0 -6.0 0.0
4.0 -6.0 0.0
0 1 2 3
portal_003_004
4
4.0 2.0 0.0
6.0 2.0 0.0
6.0 2.0 2.0
4.0 2.0 2.0
0 1 2 3
portal_004_005
4
6.0 4.0 0.0
6.0 4.0 2.0
4.0 4.0 2.0
4.0 4.0 0.0
0 1 2 3
portal_005_006
4
-2.0 6.0 0.0
-2.0 6.0 2.0
-2.0 8.0 2.0
-2.0 8.0 0.0
0 1 2 3
portal_006_007
4
-4.0 6.0 0.0
-4.0 8.0 0.0
-4.0 8.0 2.0
-4.0 6.0 2.0
0 1 2 3
portal_007_008
4
-8.0 0.0 0.0
-10.0 0.0 0.0
-10.0 0.0 2.0
-8.0 0.0 2.0
0 1 2 3
portal_008_001
4
0.0 -10.0 0.0
0.0 -10.0 2.0
0.0 -8.0 2.0
0.0 -8.0 0.0
0 1 2 3
###
### CELLS
###
8 # number of cells
SM_ROOM
room_001
2 # number of connections
SM_ROOM
room_002
portal_001_002
SM_ROOM
room_008
portal_008_001
SM_ROOM
room_002
2 # number of connections
SM_ROOM
room_001
portal_001_002
SM_ROOM
room_003
portal_002_003
SM_ROOM
room_003
2 # number of connections
SM_ROOM
room_002
portal_002_003
SM_ROOM
room_004
portal_003_004
SM_ROOM
room_004
2 # number of connections
SM_ROOM
room_003
portal_003_004
SM_ROOM
room_005
portal_004_005
SM_ROOM
room_005
2 # number of connections
SM_ROOM
room_004
portal_004_005
SM_ROOM
room_006
portal_005_006
SM_ROOM
room_006
2 # number of connections
SM_ROOM
room_005
portal_005_006
SM_ROOM
room_007
portal_006_007
SM_ROOM
room_007
2 # number of connections
SM_ROOM
room_006
portal_006_007
SM_ROOM
room_008
portal_007_008
SM_ROOM
room_008
2 # number of connections
SM_ROOM
room_007
portal_007_008
SM_ROOM
room_001
portal_008_001
