Simple Map Example
###
### STATIC MODELS
###
1 # number of static models
models\room.txt
###
### DYNAMIC MODELS
###
2 # number of dynamic models
models\door.txt
models\boss.txt
###
### SOUNDS
###
2 # number of sounds
music\theme.wav
sounds\door.wav
###
### STATIC MODEL INSTANCES
###
1 # number of static model instances
0
0.0 0.0 0.0
1.0 0.0 0.0 -7.025261402130127 0.0 0.9999998211860657 0.0 9.5902681350708 0.0 0.0 1.0 -0.00011247386282775551 0.0 0.0 0.0 1.0
###
### DYNAMIC MODEL INSTANCES
###
9 # number of dynamic model instances
1
4.0 0.0 0.0
1.0 0.0 0.0 -3.025261402130127 0.0 0.9999998211860657 0.0 9.5902681350708 0.0 0.0 1.0 -0.00011247386282775551 0.0 0.0 0.0 1.0
0
10.0 -6.0 0.0
-0.9999998807907104 0.0 0.0 0.4097287356853485 0.0 -0.9999999403953552 0.0 -13.025260925292969 0.0 0.0 1.0 -0.00011247386282775551 0.0 0.0 0.0 1.0
0
8.0 -4.000000476837158 0.0
-0.9999998807907104 0.0 0.0 -1.590270757675171 0.0 -0.9999999403953552 0.0 -11.025261878967285 0.0 0.0 1.0 -0.00011247386282775551 0.0 0.0 0.0 1.0
0
1.9999998807907104 5.999998569488525 0.0
-0.9999998807907104 0.0 0.0 -7.590270042419434 0.0 -0.9999999403953552 0.0 -1.025262713432312 0.0 0.0 1.0 -0.00011247386282775551 0.0 0.0 0.0 1.0
0
0.0 7.999998569488525 0.0
-0.9999998807907104 0.0 0.0 -9.590269088745117 0.0 -0.9999999403953552 0.0 0.9747370481491089 0.0 0.0 1.0 -0.00011247386282775551 0.0 0.0 0.0 1.0
0
0.0 0.0 0.0
1.0 0.0 0.0 7.025262355804443 0.0 0.9999998211860657 0.0 -9.590269088745117 0.0 0.0 1.0 -0.00011247386282775551 0.0 0.0 0.0 1.0
0
0.0 0.0 0.0
1.0 0.0 0.0 7.025262355804443 0.0 0.9999998211860657 0.0 -9.5902681350708 0.0 0.0 1.0 -0.00011247386282775551 0.0 0.0 0.0 1.0
0
-7.999999523162842 7.999998569488525 0.0
-0.9999998807907104 0.0 0.0 1.590270757675171 0.0 -0.9999999403953552 0.0 15.025259017944336 0.0 0.0 1.0 -0.00011247386282775551 0.0 0.0 0.0 1.0
0
0.0 -16.0 0.0
1.0 0.0 0.0 -7.025261402130127 0.0 0.9999998211860657 0.0 -6.409728527069092 0.0 0.0 1.0 -0.00011247386282775551 0.0 0.0 0.0 1.0
###
### CAMERA ANIMATIONS
###
1 # number of camera animations
CameraAnimation_01
-0.978547990322113 -59.04840087890625 26.371200561523438
1.0 0.0 0.0 -0.978547990322113 0.0 1.0 0.0 -59.04840087890625 0.0 0.0 1.0 26.371200561523438 0.0 0.0 0.0 1.0
0
9 # of camera markers
24.332555770874023 -39.1474609375 26.12202262878418
-0.508678674697876 -0.8609536290168762 0.0021327435970306396 -2.360187530517578 0.8016148209571838 -0.4727129340171814 0.36599990725517273 -26.262582778930664 -0.31410089135169983 0.18788602948188782 0.9306124448776245 13.189294815063477 0.0 0.0 0.0 1.0
0.0017453291220590472 0.21642081439495087 1.041961431503296
0
1.0
1
60.0
1
25.802494049072266 -22.660329818725586 21.542964935302734
-0.7728387713432312 -0.6051865220069885 -0.19096916913986206 -3.6675727367401123 0.39924344420433044 -0.6975865364074707 0.5949601531028748 -17.34010887145996 -0.49327948689460754 0.38356512784957886 0.7807388305664062 9.336882591247559 0.0 0.0 0.0 1.0
0.0017453311011195183 0.4171336889266968 1.228711724281311
1
1.0
1
60.0
1
17.959943771362305 -3.3054113388061523 13.495702743530273
-0.7004079222679138 0.18288639187812805 -0.6899137496948242 -10.544411659240723 -0.5600473880767822 -0.7400491833686829 0.3723895847797394 -14.555912017822266 -0.4424651861190796 0.6472091674804688 0.6207614541053772 3.1658480167388916 0.0 0.0 0.0 1.0
0.0 0.7086036205291748 1.6755160093307495
2
1.0
1
60.0
1
11.43290901184082 -0.47940659523010254 4.674992084503174
-0.005943611264228821 0.5722131133079529 -0.8200832605361938 -10.423230171203613 -0.9743452072143555 -0.1878226101398468 -0.123991459608078 -23.4645938873291 -0.22497975826263428 0.7983074188232422 0.5586495995521545 -1.6312180757522583 0.0 0.0 0.0 1.0
0.022689275443553925 1.0821040868759155 2.033308506011963
3
1.0
1
60.0
1
12.145978927612305 -4.314593315124512 0.9752326011657715
-0.6098476052284241 0.3495957553386688 -0.7112442851066589 -15.082917213439941 -0.6880469918251038 -0.67891526222229 0.2562522888183594 -18.464950561523438 -0.3932899832725525 0.6456445455551147 0.6545733213424683 -9.229303359985352 0.0 0.0 0.0 1.0
0.0017453264445066452 0.719075620174408 1.7767452001571655
4
1.0
1
60.0
1
12.094496726989746 -5.159028053283691 1.297903060913086
-0.9497538805007935 0.18427810072898865 -0.2529997229576111 -17.073537826538086 -0.23494453728199005 -0.9538016319274902 0.1872521936893463 -10.563260078430176 -0.20680509507656097 0.23728445172309875 0.9491721987724304 -11.578351974487305 0.0 0.0 0.0 1.0
0.0017453264445066452 0.23911011219024658 1.6650441884994507
5
1.0
1
60.0
1
10.22740650177002 -3.9392428398132324 2.0404441356658936
-0.9999555349349976 0.0034754001535475254 -0.0087508549913764 -19.320329666137695 -0.0035818913020193577 -0.9999192953109741 0.01218308787792921 -3.6391048431396484 -0.008707810193300247 0.012213893234729767 0.9998875260353088 -11.098011016845703 0.0 0.0 0.0 1.0
0.0017453264445066452 0.010471999645233154 1.5725417137145996
6
1.0
1
60.0
1
6.475326061248779 -0.19833548367023468 2.1874334812164307
-0.9210114479064941 0.38746559619903564 0.04010047763586044 -22.67616081237793 -0.3884017765522003 -0.921299934387207 -0.018715335056185722 -5.1098952293396 0.029693027958273888 -0.03281214088201523 0.9990203380584717 -10.921541213989258 0.0 0.0 0.0 1.0
0.0017453264445066452 -0.03490655869245529 1.7697639465332031
7
1.0
1
60.0
1
2.7062244415283203 1.1787232160568237 2.199005126953125
-0.7435342669487 0.6661660075187683 0.058132901787757874 -25.31639289855957 -0.667768120765686 -0.7442718744277954 -0.012040795758366585 -8.263261795043945 0.03524552285671234 -0.047772057354450226 0.9982362985610962 -10.891439437866211 0.0 0.0 0.0 1.0
0.0017453264445066452 -0.05235984921455383 1.9355701208114624
8
1.0
1
60.0
1
###
### DOOR CONTROLLERS
###
8 # number of door controllers
dc001
6.0 -12.0 2.0
1.0 0.0 0.0 6.0 0.0 0.25 0.0 -12.0 0.0 0.0 1.0 2.0 0.0 0.0 0.0 1.0
0.0 0.0 0.0
1
none
none
none
none
none
dc002
6.0 -9.0 2.0
1.0 0.0 0.0 6.0 0.0 0.25 0.0 -9.0 0.0 0.0 1.0 2.0 0.0 0.0 0.0 1.0
0.0 0.0 0.0
2
none
none
none
none
none
dc003
10.0 3.0 2.0
1.0 0.0 0.0 10.0 0.0 0.25 0.0 3.0 0.0 0.0 1.0 2.0 0.0 0.0 0.0 1.0
0.0 0.0 0.0
3
none
none
none
none
none
dc004
10.0 6.0 2.0
1.0 0.0 0.0 10.0 0.0 0.25 0.0 6.0 0.0 0.0 1.0 2.0 0.0 0.0 0.0 1.0
0.0 0.0 0.0
4
none
none
none
none
none
dc005
-3.0 14.0 2.0
0.25 0.0 0.0 -3.0 0.0 1.0 0.0 14.0 0.0 0.0 1.0 2.0 0.0 0.0 0.0 1.0
0.0 0.0 0.0
5
none
none
none
none
none
dc006
-6.0 14.0 2.0
0.25 0.0 0.0 -6.0 0.0 1.0 0.0 14.0 0.0 0.0 1.0 2.0 0.0 0.0 0.0 1.0
0.0 0.0 0.0
6
none
none
none
none
none
dc007
-18.0 0.0 2.0
1.0 0.0 0.0 -18.0 0.0 0.25 0.0 0.0 0.0 0.0 1.0 2.0 0.0 0.0 0.0 1.0
0.0 0.0 0.0
7
none
none
none
none
none
dc008
0.0 -18.0 2.0
0.25 0.0 0.0 0.0 0.0 1.0 0.0 -18.0 0.0 0.0 1.0 2.0 0.0 0.0 0.0 1.0
0.0 0.0 0.0
8
none
none
none
none
none
