54 # number of bones
root
-1
0.0 0.0 0.0
-1.0 0.0 0.0 0.0 0.0 -1.0 0.0 0.0 0.0 0.0 1.0 0.0 0.0 0.0 0.0 1.0
root_hips
0
0.0 0.0 0.9128599166870117
-1.0 0.0 0.0 0.0 0.0 -1.0 0.0 0.0 0.0 0.0 1.0 0.0 0.0 0.0 0.0 1.0
spine_L
1
-1.9255425289386638e-16 -0.007494986057281494 1.0322798490524292
-1.0 1.0920610975517775e-06 -1.6642982814119023e-07 0.0 1.4210854715202004e-14 0.1506602019071579 0.9885855913162231 0.0 1.1046702184103196e-06 0.9885855913162231 -0.15066015720367432 0.0 0.0 0.0 0.0 1.0
spine_M
2
2.5593214850736564e-15 0.021679766476154327 1.2237155437469482
-1.0 2.0581064745783806e-06 3.130071490886621e-08 0.0 0.0 -0.015206724405288696 0.9998843669891357 0.0 2.058344307442894e-06 0.9998843669891357 0.015206769108772278 0.0 0.0 0.0 0.0 1.0
spine_U
3
2.5593214850736564e-15 0.01874416321516037 1.416739583015442
-1.0 2.5182184799632523e-06 2.927829143573035e-07 0.0 7.105427357601002e-14 -0.11548788100481033 0.9933088421821594 0.0 2.535181465646019e-06 0.9933089017868042 0.11548792570829391 0.0 0.0 0.0 0.0 1.0
clavicle_L
4
-4.4958875760735956e-14 -0.007760521024465561 1.6447123289108276
0.09067324548959732 -0.960655152797699 -0.26252663135528564 0.0 0.9909672141075134 0.11318881064653397 -0.0719214379787445 0.0 0.09880673140287399 -0.2536337971687317 0.9622406959533691 0.0 0.0 0.0 0.0 1.0
shoulder_L
5
0.30261167883872986 0.02680394798517227 1.62274968624115
-0.12526169419288635 -0.9867922067642212 -0.10271641612052917 0.0 0.9785673022270203 -0.10582946985960007 -0.1766543686389923 0.0 0.1634507030248642 -0.1226428747177124 0.9788987040519714 0.0 0.0 0.0 0.0 1.0
elbow_L
6
0.6626224517822266 -0.012130271643400192 1.5577592849731445
-0.26689890027046204 -0.9598482251167297 -0.08635056763887405 0.0 0.9506401419639587 -0.2475014477968216 -0.1871548444032669 0.0 0.15826831758022308 -0.13203966617584229 0.9785277843475342 0.0 0.0 0.0 0.0 1.0
wrist_L
7
1.0258554220199585 -0.10669884085655212 1.4862487316131592
-0.20664989948272705 -0.9778599739074707 -0.032951466739177704 0.0 0.9755954742431641 -0.20338235795497894 -0.08276393264532089 0.0 0.07422971725463867 -0.04925040155649185 0.9960242509841919 0.0 0.0 0.0 0.0 1.0
finger0a_L
8
1.0746294260025024 -0.15909117460250854 1.4626516103744507
-0.3050346374511719 0.11537425220012665 -0.9453268647193909 0.0 0.7863123416900635 -0.5294984579086304 -0.3183479309082031 0.0 -0.5372782349586487 -0.8404288291931152 0.07079514116048813 0.0 0.0 0.0 0.0 1.0
finger0b_L
9
1.1262993812561035 -0.1938854455947876 1.441732406616211
-0.16536845266819 0.0667923167347908 -0.983967661857605 0.0 0.9615742564201355 -0.21078595519065857 -0.17591321468353271 0.0 -0.21915602684020996 -0.975247859954834 -0.029368437826633453 0.0 0.0 0.0 0.0 1.0
finger0c_L
10
1.1712595224380493 -0.20327337086200714 1.4335418939590454
-0.001081498572602868 0.030429651960730553 -0.9995364546775818 0.0 0.9975959658622742 -0.06923316419124603 -0.0031872550025582314 0.0 -0.06929785013198853 -0.9971365332603455 -0.030281662940979004 0.0 0.0 0.0 0.0 1.0
finger1a_L
8
1.152409315109253 -0.15851587057113647 1.477138638496399
-0.2783963680267334 -0.9527084231376648 -0.12182891368865967 0.0 0.9604664444923401 -0.27620401978492737 -0.0348721519112587 0.0 -0.00042672455310821533 -0.12672080099582672 0.9919384121894836 0.0 0.0 0.0 0.0 1.0
finger1b_L
12
1.207424521446228 -0.1743367463350296 1.475141167640686
-0.19261585175991058 -0.9774112701416016 -0.08698613941669464 0.0 0.9810895919799805 -0.1901007890701294 -0.03640533238649368 0.0 0.019046762958168983 -0.09235338866710663 0.9955441951751709 0.0 0.0 0.0 0.0 1.0
finger1c_L
13
1.2508971691131592 -0.18276022374629974 1.4735280275344849
-0.14399930834770203 -0.9894929528236389 -0.012966573238372803 0.0 0.9895017147064209 -0.14413854479789734 0.010527551174163818 0.0 -0.012286016717553139 -0.011314451694488525 0.9998606443405151 0.0 0.0 0.0 0.0 1.0
finger2a_L
8
1.1625280380249023 -0.13071393966674805 1.4813889265060425
-0.1512967199087143 -0.9803301692008972 -0.12673692405223846 0.0 0.9884050488471985 -0.14836609363555908 -0.03230854868888855 0.0 0.012869492173194885 -0.13015548884868622 0.9914101362228394 0.0 0.0 0.0 0.0 1.0
finger2b_L
15
1.2218233346939087 -0.1396145522594452 1.4794507026672363
-0.16808882355690002 -0.9818267226219177 -0.08810600638389587 0.0 0.9855743646621704 -0.16559182107448578 -0.03497540205717087 0.0 0.01975005865097046 -0.09271390736103058 0.9954969882965088 0.0 0.0 0.0 0.0 1.0
finger2c_L
16
1.2667226791381836 -0.14715833961963654 1.4778573513031006
-0.15637394785881042 -0.9876106977462769 -0.013138405978679657 0.0 0.9876163005828857 -0.15651848912239075 0.010799992829561234 0.0 -0.012722685933113098 -0.011286795139312744 0.9998555183410645 0.0 0.0 0.0 0.0 1.0
finger3a_L
8
1.160634160041809 -0.09955799579620361 1.4811240434646606
-0.10624243319034576 -0.9859991073608398 -0.128524512052536 0.0 0.9942000508308411 -0.10316275805234909 -0.030405715107917786 0.0 0.016720972955226898 -0.13100934028625488 0.9912400841712952 0.0 0.0 0.0 0.0 1.0
finger3b_L
18
1.2155629396438599 -0.10525766015052795 1.479444146156311
-0.08822280168533325 -0.9919552803039551 -0.09078438580036163 0.0 0.9955871105194092 -0.08488256484270096 -0.040026891976594925 0.0 0.031998783349990845 -0.0939149484038353 0.9950658082962036 0.0 0.0 0.0 0.0 1.0
finger3c_L
19
1.2590725421905518 -0.10896723717451096 1.4776948690414429
-0.0987149104475975 -0.9950398802757263 -0.012298963963985443 0.0 0.9950922727584839 -0.09879080951213837 0.005718007683753967 0.0 -0.006904780864715576 -0.011674068868160248 0.9999079704284668 0.0 0.0 0.0 0.0 1.0
finger4a_L
8
1.160634160041809 -0.06787746399641037 1.4811240434646606
-0.08959980309009552 -0.9875891804695129 -0.128994420170784 0.0 0.9956747889518738 -0.08562159538269043 -0.036074068397283554 0.0 0.024581577628850937 -0.13166864216327667 0.9909890294075012 0.0 0.0 0.0 0.0 1.0
finger4b_L
21
1.2070006132125854 -0.07186467945575714 1.479444146156311
-0.07468323409557343 -0.9929867386817932 -0.09165014326572418 0.0 0.9965328574180603 -0.0709361582994461 -0.04348810017108917 0.0 0.03668171912431717 -0.09458014369010925 0.9948413372039795 0.0 0.0 0.0 0.0 1.0
finger4c_L
22
1.2470853328704834 -0.07471802830696106 1.4776948690414429
-0.09305816888809204 -0.9955857992172241 -0.01220472902059555 0.0 0.9956398010253906 -0.09312932193279266 0.005390249192714691 0.0 -0.0065031759440898895 -0.011649876832962036 0.9999111294746399 0.0 0.0 0.0 0.0 1.0
neck
4
-4.4958875760735956e-14 -0.007760521024465561 1.6447123289108276
-1.0 2.53518192039337e-06 1.7719159473017498e-13 0.0 1.1368683772161603e-13 1.4901161193847656e-08 1.0 0.0 2.5351816930196946e-06 1.0 2.2351741790771484e-08 0.0 0.0 0.0 0.0 1.0
head
24
-2.4485587982094742e-14 -0.007760518230497837 1.82479727268219
-1.0 2.53518192039337e-06 7.308442045994568e-12 0.0 -5.854691731421724e-17 -2.842880576281459e-06 1.0 0.0 2.5351816930196946e-06 1.0 2.880133479266078e-06 0.0 0.0 0.0 0.0 1.0
clavicle_R
4
-4.4958875760735956e-14 -0.007760521024465561 1.6447123289108276
0.09067313373088837 0.9606550335884094 0.2625266909599304 0.0 -0.9909669756889343 0.11318875849246979 -0.07192140817642212 0.0 -0.09880675375461578 -0.25363391637802124 0.9622405767440796 0.0 0.0 0.0 0.0 1.0
shoulder_R
26
-0.3026116192340851 0.026803933084011078 1.62274968624115
-0.12526176869869232 0.9867921471595764 0.10271646082401276 0.0 -0.9785670042037964 -0.10582952201366425 -0.17665432393550873 0.0 -0.1634507030248642 -0.12264296412467957 0.9788986444473267 0.0 0.0 0.0 0.0 1.0
elbow_R
27
-0.662622332572937 -0.012130308896303177 1.5577592849731445
-0.26689887046813965 0.9598482251167297 0.08635056763887405 0.0 -0.9506399035453796 -0.2475014179944992 -0.18715481460094452 0.0 -0.15826833248138428 -0.13203968107700348 0.9785277247428894 0.0 0.0 0.0 0.0 1.0
wrist_R
28
-1.025855302810669 -0.1066988855600357 1.4862487316131592
-0.20664970576763153 0.9778599143028259 0.03295149654150009 0.0 -0.975595235824585 -0.20338217914104462 -0.0827639177441597 0.0 -0.07422977685928345 -0.049250438809394836 0.9960241317749023 0.0 0.0 0.0 0.0 1.0
finger0a_R
29
-1.074629306793213 -0.15909120440483093 1.4626516103744507
-0.3050345480442047 -0.11537419259548187 0.9453266859054565 0.0 -0.7863121032714844 -0.5294983386993408 -0.3183477818965912 0.0 0.5372780561447144 -0.8404286503791809 0.07079510390758514 0.0 0.0 0.0 0.0 1.0
finger0b_R
30
-1.126299262046814 -0.19388547539710999 1.441732406616211
-0.16536830365657806 -0.06679224967956543 0.9839674830436707 0.0 -0.9615740776062012 -0.21078598499298096 -0.1759130209684372 0.0 0.2191559374332428 -0.9752476811408997 -0.029368437826633453 0.0 0.0 0.0 0.0 1.0
finger0c_R
31
-1.1712594032287598 -0.20327340066432953 1.4335418939590454
-0.0010816330322995782 -0.03042963519692421 0.9995362758636475 0.0 -0.9975958466529846 -0.06923273205757141 -0.0031873155385255814 0.0 0.06929728388786316 -0.9971363544464111 -0.0302816741168499 0.0 0.0 0.0 0.0 1.0
finger1a_R
29
-1.1524091958999634 -0.15851590037345886 1.477138638496399
-0.27839627861976624 0.95270836353302 0.12182889878749847 0.0 -0.9604661464691162 -0.2762039005756378 -0.03487205132842064 0.0 0.00042672455310821533 -0.12672078609466553 0.9919382929801941 0.0 0.0 0.0 0.0 1.0
finger1b_R
33
-1.2074244022369385 -0.174336776137352 1.475141167640686
-0.19261589646339417 0.9774112105369568 0.08698610961437225 0.0 -0.9810892343521118 -0.190100759267807 -0.036405425518751144 0.0 -0.01904694363474846 -0.09235340356826782 0.9955440759658813 0.0 0.0 0.0 0.0 1.0
finger1c_R
34
-1.2508970499038696 -0.18276025354862213 1.4735280275344849
-0.1439993530511856 0.9894928932189941 0.012966558337211609 0.0 -0.9895014762878418 -0.14413851499557495 0.010527633130550385 0.0 0.0122859887778759 -0.011314459145069122 0.9998605251312256 0.0 0.0 0.0 0.0 1.0
finger2a_R
29
-1.1625279188156128 -0.13071398437023163 1.4813889265060425
-0.15129663050174713 0.9803300499916077 0.12673687934875488 0.0 -0.9884048104286194 -0.1483660340309143 -0.0323084332048893 0.0 -0.012869477272033691 -0.13015544414520264 0.9914100170135498 0.0 0.0 0.0 0.0 1.0
finger2b_R
36
-1.2218232154846191 -0.13961459696292877 1.4794507026672363
-0.16808873414993286 0.9818266034126282 0.0881059467792511 0.0 -0.9855741262435913 -0.1655917763710022 -0.03497519716620445 0.0 -0.019749954342842102 -0.09271383285522461 0.9954968690872192 0.0 0.0 0.0 0.0 1.0
finger2c_R
37
-1.266722559928894 -0.14715838432312012 1.4778573513031006
-0.15637388825416565 0.9876105189323425 0.013138368725776672 0.0 -0.9876161217689514 -0.15651848912239075 0.010799989104270935 0.0 0.012722596526145935 -0.011286795139312744 0.9998553395271301 0.0 0.0 0.0 0.0 1.0
finger3a_R
29
-1.1606340408325195 -0.0995580404996872 1.4811240434646606
-0.10624241083860397 0.9859989881515503 0.12852446734905243 0.0 -0.994199812412262 -0.10316275805234909 -0.030405595898628235 0.0 -0.01672094315290451 -0.13100934028625488 0.9912399649620056 0.0 0.0 0.0 0.0 1.0
finger3b_R
39
-1.2155628204345703 -0.10525770485401154 1.479444146156311
-0.08822278678417206 0.9919552206993103 0.09078429639339447 0.0 -0.9955868124961853 -0.08488254249095917 -0.04002704098820686 0.0 -0.031999021768569946 -0.0939149335026741 0.9950656890869141 0.0 0.0 0.0 0.0 1.0
finger3c_R
40
-1.2590724229812622 -0.10896728187799454 1.4776948690414429
-0.09871488064527512 0.9950398206710815 0.012298867106437683 0.0 -0.9950920343399048 -0.09879079461097717 0.005718022584915161 0.0 0.00690469890832901 -0.011674024164676666 0.9999078512191772 0.0 0.0 0.0 0.0 1.0
finger4a_R
29
-1.1606340408325195 -0.06787751615047455 1.4811240434646606
-0.08960000425577164 0.9875890612602234 0.12899431586265564 0.0 -0.9956744909286499 -0.08562178909778595 -0.036073971539735794 0.0 -0.02458154410123825 -0.1316685676574707 0.9909889101982117 0.0 0.0 0.0 0.0 1.0
finger4b_R
42
-1.207000494003296 -0.07186473906040192 1.479444146156311
-0.07468325644731522 0.9929866194725037 0.09165006875991821 0.0 -0.9965324997901917 -0.07093613594770432 -0.04348824918270111 0.0 -0.03668196126818657 -0.09458012878894806 0.9948411583900452 0.0 0.0 0.0 0.0 1.0
finger4c_R
43
-1.2470852136611938 -0.07471808791160583 1.4776948690414429
-0.09305815398693085 0.9955857396125793 0.012204639613628387 0.0 -0.995639443397522 -0.09312929958105087 0.00539025291800499 0.0 0.006503071635961533 -0.011649832129478455 0.9999109506607056 0.0 0.0 0.0 0.0 1.0
pelvis
0
0.0 0.0 0.9128599166870117
-1.0 0.0 0.0 0.0 0.0 -1.0 0.0 0.0 0.0 0.0 1.0 0.0 0.0 0.0 0.0 1.0
hips_L
45
0.2062843143939972 0.0 0.8470872044563293
0.9979895949363708 -0.044836632907390594 0.044791657477617264 0.0 0.04193880409002304 -0.0626639872789383 -0.9971529245376587 0.0 0.047515809535980225 0.9970269799232483 -0.060657575726509094 0.0 0.0 0.0 0.0 1.0
knee_L
46
0.22254912555217743 -0.02430250123143196 0.46036890149116516
0.9984753131866455 -0.039408717304468155 0.03865062817931175 0.0 0.038616906851530075 -0.0016166791319847107 -0.9992525577545166 0.0 0.03944174945354462 0.9992217421531677 -9.2335045337677e-05 0.0 0.0 0.0 0.0 1.0
ankle_L
47
0.2368854135274887 -0.02490268275141716 0.08940264582633972
0.9987918734550476 -0.016367753967642784 0.04633425548672676 0.0 0.0154033862054348 -0.7910967469215393 -0.6114966869354248 0.0 0.04666370898485184 0.6114717721939087 -0.7898887991905212 0.0 0.0 0.0 0.0 1.0
toe_L
48
0.2388218343257904 -0.12435461580753326 0.012528948485851288
0.9989573359489441 -0.00035994313657283783 0.04565157741308212 0.0 -0.0004334747791290283 -0.9999984502792358 0.001601099967956543 0.0 0.04565093666315079 -0.0016191303730010986 -0.9989558458328247 0.0 0.0 0.0 0.0 1.0
hips_R
45
-0.2062843143939972 0.0 0.8470872044563293
0.9979895949363708 0.044836632907390594 -0.044791657477617264 0.0 -0.04193880409002304 -0.0626639872789383 -0.9971529245376587 0.0 -0.047515809535980225 0.9970269799232483 -0.060657575726509094 0.0 0.0 0.0 0.0 1.0
knee_R
50
-0.22254912555217743 -0.02430250123143196 0.46036890149116516
0.9984753131866455 0.039408717304468155 -0.03865062817931175 0.0 -0.038616906851530075 -0.0016166791319847107 -0.9992525577545166 0.0 -0.03944174945354462 0.9992217421531677 -9.2335045337677e-05 0.0 0.0 0.0 0.0 1.0
ankle_R
51
-0.2368854135274887 -0.02490268275141716 0.08940264582633972
0.9987918734550476 0.016367753967642784 -0.04633425548672676 0.0 -0.0154033862054348 -0.7910967469215393 -0.6114966869354248 0.0 -0.04666370898485184 0.6114717721939087 -0.7898887991905212 0.0 0.0 0.0 0.0 1.0
toe_R
52
-0.2388218343257904 -0.12435461580753326 0.012528948485851288
0.9989573359489441 0.0003599426709115505 -0.045651815831661224 0.0 0.00043347664177417755 -0.9999984502792358 0.001601099967956543 0.0 -0.04565117508172989 -0.0016191303730010986 -0.9989558458328247 0.0 0.0 0.0 0.0 1.0
0 # number of animations
0 # number of collision meshes
1 # of materials
base
0 # material index
1 # of textures
base
diffuse
0
models\boss.bmp
1 # number of meshes
default
6185 # number of vertices
1 # number of UV channels
0 # number of color channels
-0.0052 -0.0030 0.9025
-0.4598 -0.2655 -0.8474
0.2931 0.0900
1 0 0 0
1.0000 0.0000 0.0000 0.0000
-0.0060 0.0000 0.9025
-0.5309 0.0000 -0.8474
0.2532 0.0900
1 0 0 0
1.0000 0.0000 0.0000 0.0000
0.0000 0.0000 0.9009
-0.2583 -0.0692 -0.9636
0.2732 0.0102
1 0 0 0
1.0000 0.0000 0.0000 0.0000
-0.0030 -0.0052 0.9025
-0.2655 -0.4598 -0.8474
0.3330 0.0900
1 0 0 0
1.0000 0.0000 0.0000 0.0000
0.0000 0.0000 0.9009
-0.1891 -0.1891 -0.9636
0.3131 0.0102
1 0 0 0
1.0000 0.0000 0.0000 0.0000
0.0000 -0.0060 0.9025
0.0000 -0.5309 -0.8474
0.3729 0.0900
1 0 0 0
1.0000 0.0000 0.0000 0.0000
0.0000 0.0000 0.9009
-0.0692 -0.2583 -0.9636
0.3530 0.0102
1 0 0 0
1.0000 0.0000 0.0000 0.0000
0.0030 -0.0052 0.9025
0.2655 -0.4598 -0.8474
0.4128 0.0900
1 0 0 0
1.0000 0.0000 0.0000 0.0000
0.0000 0.0000 0.9009
0.0692 -0.2583 -0.9636
0.3929 0.0102
1 0 0 0
1.0000 0.0000 0.0000 0.0000
0.0052 -0.0030 0.9025
0.4598 -0.2655 -0.8474
0.4527 0.0900
1 0 0 0
1.0000 0.0000 0.0000 0.0000
0.0000 0.0000 0.9009
0.1891 -0.1891 -0.9636
0.4328 0.0102
1 0 0 0
1.0000 0.0000 0.0000 0.0000
0.0060 0.0000 0.9025
0.2583 -0.0692 -0.9636
0.4926 0.0900
1 0 0 0
1.0000 0.0000 0.0000 0.0000
0.0000 0.0000 0.9009
0.2583 -0.0692 -0.9636
0.4727 0.0102
1 0 0 0
1.0000 0.0000 0.0000 0.0000
0.0052 0.0030 0.9025
0.4598 0.2655 -0.8474
0.0537 0.0900
1 0 0 0
1.0000 0.0000 0.0000 0.0000
0.0060 0.0000 0.9025
0.2583 0.0692 -0.9636
0.0138 0.0900
1 0 0 0
1.0000 0.0000 0.0000 0.0000
0.0000 0.0000 0.9009
0.2583 0.0692 -0.9636
0.0338 0.0102
1 0 0 0
1.0000 0.0000 0.0000 0.0000
0.0030 0.0052 0.9025
0.2655 0.4598 -0.8474
0.0936 0.0900
1 0 0 0
1.0000 0.0000 0.0000 0.0000
0.0000 0.0000 0.9009
0.1891 0.1891 -0.9636
0.0737 0.0102
1 0 0 0
1.0000 0.0000 0.0000 0.0000
0.0000 0.0060 0.9025
0.0000 0.5309 -0.8474
0.1335 0.0900
1 0 0 0
1.0000 0.0000 0.0000 0.0000
0.0000 0.0000 0.9009
0.0692 0.2583 -0.9636
0.1136 0.0102
1 0 0 0
1.0000 0.0000 0.0000 0.0000
-0.0030 0.0052 0.9025
-0.2655 0.4598 -0.8474
0.1734 0.0900
1 0 0 0
1.0000 0.0000 0.0000 0.0000
0.0000 0.0000 0.9009
-0.0692 0.2583 -0.9636
0.1535 0.0102
1 0 0 0
1.0000 0.0000 0.0000 0.0000
-0.0052 0.0030 0.9025
-0.4598 0.2655 -0.8474
0.2133 0.0900
1 0 0 0
1.0000 0.0000 0.0000 0.0000
0.0000 0.0000 0.9009
-0.1891 0.1891 -0.9636
0.1934 0.0102
1 0 0 0
1.0000 0.0000 0.0000 0.0000
0.0000 0.0000 0.9009
-0.2583 0.0692 -0.9636
0.2333 0.0102
1 0 0 0
1.0000 0.0000 0.0000 0.0000
-0.0104 0.0000 0.9069
-0.8759 0.0000 -0.4824
0.2532 0.1698
1 0 0 0
1.0000 0.0000 0.0000 0.0000
-0.0090 -0.0052 0.9069
-0.7586 -0.4380 -0.4823
0.2931 0.1698
1 0 0 0
1.0000 0.0000 0.0000 0.0000
-0.0052 -0.0090 0.9069
-0.4380 -0.7586 -0.4823
0.3330 0.1698
1 0 0 0
1.0000 0.0000 0.0000 0.0000
0.0000 -0.0104 0.9069
0.0000 -0.8759 -0.4824
0.3729 0.1698
1 0 0 0
1.0000 0.0000 0.0000 0.0000
0.0052 -0.0090 0.9069
0.4380 -0.7586 -0.4823
0.4128 0.1698
1 0 0 0
1.0000 0.0000 0.0000 0.0000
0.0090 -0.0052 0.9069
0.7586 -0.4380 -0.4823
0.4527 0.1698
1 0 0 0
1.0000 0.0000 0.0000 0.0000
0.0104 0.0000 0.9069
0.6947 -0.1862 -0.6948
0.4926 0.1698
1 0 0 0
1.0000 0.0000 0.0000 0.0000
0.0060 0.0000 0.9025
0.6947 -0.1862 -0.6948
0.4926 0.0900
1 0 0 0
1.0000 0.0000 0.0000 0.0000
0.0104 0.0000 0.9069
0.6947 -0.1861 -0.6948
0.4926 0.1698
1 0 0 0
1.0000 0.0000 0.0000 0.0000
0.0104 0.0000 0.9069
0.6947 0.1862 -0.6948
0.0138 0.1698
1 0 0 0
1.0000 0.0000 0.0000 0.0000
0.0060 0.0000 0.9025
0.6947 0.1862 -0.6948
0.0138 0.0900
1 0 0 0
1.0000 0.0000 0.0000 0.0000
0.0090 0.0052 0.9069
0.7586 0.4380 -0.4823
0.0537 0.1698
1 0 0 0
1.0000 0.0000 0.0000 0.0000
0.0104 0.0000 0.9069
0.6947 0.1861 -0.6948
0.0138 0.1698
1 0 0 0
1.0000 0.0000 0.0000 0.0000
0.0052 0.0090 0.9069
0.4380 0.7586 -0.4823
0.0936 0.1698
1 0 0 0
1.0000 0.0000 0.0000 0.0000
0.0000 0.0104 0.9069
0.0000 0.8759 -0.4824
0.1335 0.1698
1 0 0 0
1.0000 0.0000 0.0000 0.0000
-0.0052 0.0090 0.9069
-0.4380 0.7586 -0.4823
0.1734 0.1698
1 0 0 0
1.0000 0.0000 0.0000 0.0000
-0.0090 0.0052 0.9069
-0.7586 0.4380 -0.4823
0.2133 0.1698
1 0 0 0
1.0000 0.0000 0.0000 0.0000
-0.0120 0.0000 0.9129
-1.0000 0.0000 0.0000
0.2532 0.2496
1 0 0 0
1.0000 0.0000 0.0000 0.0000
-0.0104 -0.0060 0.9129
-0.8660 -0.5000 0.0000
0.2931 0.2496
1 0 0 0
1.0000 0.0000 0.0000 0.0000
-0.0060 -0.0104 0.9129
-0.5000 -0.8660 0.0000
0.3330 0.2496
1 0 0 0
1.0000 0.0000 0.0000 0.0000
0.0000 -0.0120 0.9129
0.0000 -1.0000 0.0000
0.3729 0.2496
1 0 0 0
1.0000 0.0000 0.0000 0.0000
0.0060 -0.0104 0.9129
0.5000 -0.8660 0.0000
0.4128 0.2496
1 0 0 0
1.0000 0.0000 0.0000 0.0000
0.0104 -0.0060 0.9129
0.8660 -0.5000 0.0000
0.4527 0.2496
1 0 0 0
1.0000 0.0000 0.0000 0.0000
0.0120 0.0000 0.9129
0.9351 -0.2505 -0.2506
0.4926 0.2496
1 0 0 0
1.0000 0.0000 0.0000 0.0000
0.0104 0.0000 0.9069
0.9351 -0.2505 -0.2506
0.4926 0.1698
1 0 0 0
1.0000 0.0000 0.0000 0.0000
0.0120 0.0000 0.9129
0.9351 -0.2506 -0.2505
0.4926 0.2496
1 0 0 0
1.0000 0.0000 0.0000 0.0000
0.0120 0.0000 0.9129
0.9351 0.2505 -0.2506
0.0138 0.2496
1 0 0 0
1.0000 0.0000 0.0000 0.0000
0.0104 0.0000 0.9069
0.9351 0.2505 -0.2506
0.0138 0.1698
1 0 0 0
1.0000 0.0000 0.0000 0.0000
0.0104 0.0060 0.9129
0.8660 0.5000 0.0000
0.0537 0.2496
1 0 0 0
1.0000 0.0000 0.0000 0.0000
0.0120 0.0000 0.9129
0.9351 0.2506 -0.2505
0.0138 0.2496
1 0 0 0
1.0000 0.0000 0.0000 0.0000
0.0060 0.0104 0.9129
0.5000 0.8660 0.0000
0.0936 0.2496
1 0 0 0
1.0000 0.0000 0.0000 0.0000
0.0000 0.0120 0.9129
0.0000 1.0000 0.0000
0.1335 0.2496
1 0 0 0
1.0000 0.0000 0.0000 0.0000
-0.0060 0.0104 0.9129
-0.5000 0.8660 0.0000
0.1734 0.2496
1 0 0 0
1.0000 0.0000 0.0000 0.0000
-0.0104 0.0060 0.9129
-0.8660 0.5000 0.0000
0.2133 0.2496
1 0 0 0
1.0000 0.0000 0.0000 0.0000
-0.0090 -0.0052 0.9188
-0.7586 -0.4380 0.4823
0.2931 0.3294
1 0 0 0
1.0000 0.0000 0.0000 0.0000
-0.0104 0.0000 0.9188
-0.8759 0.0000 0.4824
0.2532 0.3294
1 0 0 0
1.0000 0.0000 0.0000 0.0000
-0.0052 -0.0090 0.9188
-0.4380 -0.7586 0.4823
0.3330 0.3294
1 0 0 0
1.0000 0.0000 0.0000 0.0000
0.0000 -0.0104 0.9188
0.0000 -0.8759 0.4824
0.3729 0.3294
1 0 0 0
1.0000 0.0000 0.0000 0.0000
0.0052 -0.0090 0.9188
0.4380 -0.7586 0.4823
0.4128 0.3294
1 0 0 0
1.0000 0.0000 0.0000 0.0000
0.0090 -0.0052 0.9188
0.7586 -0.4380 0.4823
0.4527 0.3294
1 0 0 0
1.0000 0.0000 0.0000 0.0000
0.0120 0.0000 0.9129
0.9351 -0.2506 0.2505
0.4926 0.2496
1 0 0 0
1.0000 0.0000 0.0000 0.0000
0.0104 0.0000 0.9188
0.9351 -0.2505 0.2506
0.4926 0.3294
1 0 0 0
1.0000 0.0000 0.0000 0.0000
0.0120 0.0000 0.9129
0.9351 -0.2505 0.2506
0.4926 0.2496
1 0 0 0
1.0000 0.0000 0.0000 0.0000
0.0090 0.0052 0.9188
0.7586 0.4380 0.4823
0.0537 0.3294
1 0 0 0
1.0000 0.0000 0.0000 0.0000
0.0120 0.0000 0.9129
0.9351 0.2506 0.2505
0.0138 0.2496
1 0 0 0
1.0000 0.0000 0.0000 0.0000
0.0104 0.0000 0.9188
0.9351 0.2505 0.2506
0.0138 0.3294
1 0 0 0
1.0000 0.0000 0.0000 0.0000
0.0120 0.0000 0.9129
0.9351 0.2505 0.2506
0.0138 0.2496
1 0 0 0
1.0000 0.0000 0.0000 0.0000
0.0052 0.0090 0.9188
0.4380 0.7586 0.4823
0.0936 0.3294
1 0 0 0
1.0000 0.0000 0.0000 0.0000
0.0000 0.0104 0.9188
0.0000 0.8759 0.4824
0.1335 0.3294
1 0 0 0
1.0000 0.0000 0.0000 0.0000
-0.0052 0.0090 0.9188
-0.4380 0.7586 0.4823
0.1734 0.3294
1 0 0 0
1.0000 0.0000 0.0000 0.0000
-0.0090 0.0052 0.9188
-0.7586 0.4380 0.4823
0.2133 0.3294
1 0 0 0
1.0000 0.0000 0.0000 0.0000
-0.0052 -0.0030 0.9232
-0.4597 -0.2654 0.8474
0.2931 0.4092
1 0 0 0
1.0000 0.0000 0.0000 0.0000
-0.0060 0.0000 0.9232
-0.5309 0.0000 0.8474
0.2532 0.4092
1 0 0 0
1.0000 0.0000 0.0000 0.0000
-0.0030 -0.0052 0.9232
-0.2654 -0.4597 0.8474
0.3330 0.4092
1 0 0 0
1.0000 0.0000 0.0000 0.0000
0.0000 -0.0060 0.9232
0.0000 -0.5309 0.8474
0.3729 0.4092
1 0 0 0
1.0000 0.0000 0.0000 0.0000
0.0030 -0.0052 0.9232
0.2654 -0.4597 0.8474
0.4128 0.4092
1 0 0 0
1.0000 0.0000 0.0000 0.0000
0.0052 -0.0030 0.9232
0.4597 -0.2654 0.8474
0.4527 0.4092
1 0 0 0
1.0000 0.0000 0.0000 0.0000
0.0104 0.0000 0.9188
0.6947 -0.1861 0.6948
0.4926 0.3294
1 0 0 0
1.0000 0.0000 0.0000 0.0000
0.0060 0.0000 0.9232
0.6947 -0.1862 0.6948
0.4926 0.4092
1 0 0 0
1.0000 0.0000 0.0000 0.0000
0.0104 0.0000 0.9188
0.6947 -0.1862 0.6948
0.4926 0.3294
1 0 0 0
1.0000 0.0000 0.0000 0.0000
0.0052 0.0030 0.9232
0.4597 0.2654 0.8474
0.0537 0.4092
1 0 0 0
1.0000 0.0000 0.0000 0.0000
0.0104 0.0000 0.9188
0.6947 0.1861 0.6948
0.0138 0.3294
1 0 0 0
1.0000 0.0000 0.0000 0.0000
0.0060 0.0000 0.9232
0.6947 0.1862 0.6948
0.0138 0.4092
1 0 0 0
1.0000 0.0000 0.0000 0.0000
0.0104 0.0000 0.9188
0.6947 0.1862 0.6948
0.0138 0.3294
1 0 0 0
1.0000 0.0000 0.0000 0.0000
0.0030 0.0052 0.9232
0.2654 0.4597 0.8474
0.0936 0.4092
1 0 0 0
1.0000 0.0000 0.0000 0.0000
0.0000 0.0060 0.9232
0.0000 0.5309 0.8474
0.1335 0.4092
1 0 0 0
1.0000 0.0000 0.0000 0.0000
-0.0030 0.0052 0.9232
-0.2654 0.4597 0.8474
0.1734 0.4092
1 0 0 0
1.0000 0.0000 0.0000 0.0000
-0.0052 0.0030 0.9232
-0.4597 0.2654 0.8474
0.2133 0.4092
1 0 0 0
1.0000 0.0000 0.0000 0.0000
0.0000 0.0000 0.9248
-0.2582 -0.0692 0.9636
0.2732 0.4890
1 0 0 0
1.0000 0.0000 0.0000 0.0000
0.0000 0.0000 0.9248
-0.1890 -0.1890 0.9636
0.3131 0.4890
1 0 0 0
1.0000 0.0000 0.0000 0.0000
0.0000 0.0000 0.9248
-0.0692 -0.2582 0.9636
0.3530 0.4890
1 0 0 0
1.0000 0.0000 0.0000 0.0000
0.0000 0.0000 0.9248
0.0692 -0.2582 0.9636
0.3929 0.4890
1 0 0 0
1.0000 0.0000 0.0000 0.0000
0.0000 0.0000 0.9248
0.1890 -0.1890 0.9636
0.4328 0.4890
1 0 0 0
1.0000 0.0000 0.0000 0.0000
0.0000 0.0000 0.9248
0.2582 -0.0692 0.9636
0.4727 0.4890
1 0 0 0
1.0000 0.0000 0.0000 0.0000
0.0060 0.0000 0.9232
0.2582 -0.0692 0.9636
0.4926 0.4092
1 0 0 0
1.0000 0.0000 0.0000 0.0000
0.0000 0.0000 0.9248
0.2582 0.0692 0.9636
0.0338 0.4890
1 0 0 0
1.0000 0.0000 0.0000 0.0000
0.0060 0.0000 0.9232
0.2582 0.0692 0.9636
0.0138 0.4092
1 0 0 0
1.0000 0.0000 0.0000 0.0000
0.0000 0.0000 0.9248
0.1890 0.1890 0.9636
0.0737 0.4890
1 0 0 0
1.0000 0.0000 0.0000 0.0000
0.0000 0.0000 0.9248
0.0692 0.2582 0.9636
0.1136 0.4890
1 0 0 0
1.0000 0.0000 0.0000 0.0000
0.0000 0.0000 0.9248
-0.0692 0.2582 0.9636
0.1535 0.4890
1 0 0 0
1.0000 0.0000 0.0000 0.0000
0.0000 0.0000 0.9248
-0.1890 0.1890 0.9636
0.1934 0.4890
1 0 0 0
1.0000 0.0000 0.0000 0.0000
0.0000 0.0000 0.9248
-0.2582 0.0692 0.9636
0.2333 0.4890
1 0 0 0
1.0000 0.0000 0.0000 0.0000
0.0150 -0.0150 0.9278
0.9899 -0.1414 0.0000
0.7360 0.5025
1 0 0 0
1.0000 0.0000 0.0000 0.0000
0.0000 -0.1197 0.9129
0.0000 -1.0000 0.0000
0.7356 0.9748
1 0 0 0
1.0000 0.0000 0.0000 0.0000
0.0150 -0.0150 0.8979
0.9899 -0.1414 0.0000
0.6096 0.5201
1 0 0 0
1.0000 0.0000 0.0000 0.0000
0.0150 -0.0150 0.9278
0.0000 -0.1414 0.9899
0.7360 0.5025
1 0 0 0
1.0000 0.0000 0.0000 0.0000
-0.0150 -0.0150 0.9278
0.0000 -0.1414 0.9899
0.8634 0.5197
1 0 0 0
1.0000 0.0000 0.0000 0.0000
-0.0150 -0.0150 0.9278
-0.9899 -0.1414 0.0000
0.8634 0.5197
1 0 0 0
1.0000 0.0000 0.0000 0.0000
-0.0150 -0.0150 0.8979
-0.9899 -0.1414 0.0000
0.9809 0.5701
1 0 0 0
1.0000 0.0000 0.0000 0.0000
-0.0150 -0.0150 0.9278
0.0000 0.7071 0.7071
0.8043 0.4790
1 0 0 0
1.0000 0.0000 0.0000 0.0000
0.0150 -0.0150 0.9278
0.0000 0.7071 0.7071
0.6778 0.4790
1 0 0 0
1.0000 0.0000 0.0000 0.0000
0.0000 0.0000 0.9129
0.0000 1.0000 0.0000
0.7411 0.4158
1 0 0 0
1.0000 0.0000 0.0000 0.0000
-0.0150 -0.0150 0.9278
-0.7071 0.7071 0.0000
0.8043 0.4790
1 0 0 0
1.0000 0.0000 0.0000 0.0000
-0.0150 -0.0150 0.8979
-0.7071 0.7071 0.0000
0.8043 0.3525
1 0 0 0
1.0000 0.0000 0.0000 0.0000
0.0150 -0.0150 0.8979
0.0000 0.7071 -0.7071
0.6778 0.3525
1 0 0 0
1.0000 0.0000 0.0000 0.0000
-0.0150 -0.0150 0.8979
0.0000 0.7071 -0.7071
0.8043 0.3525
1 0 0 0
1.0000 0.0000 0.0000 0.0000
0.0150 -0.0150 0.9278
0.7071 0.7071 0.0000
0.6778 0.4790
1 0 0 0
1.0000 0.0000 0.0000 0.0000
0.0150 -0.0150 0.8979
0.7071 0.7071 0.0000
0.6778 0.3525
1 0 0 0
1.0000 0.0000 0.0000 0.0000
-0.0150 -0.0150 0.8979
0.0000 -0.1414 -0.9899
0.4937 0.5697
1 0 0 0
1.0000 0.0000 0.0000 0.0000
0.0150 -0.0150 0.8979
0.0000 -0.1414 -0.9899
0.6096 0.5201
1 0 0 0
1.0000 0.0000 0.0000 0.0000
-0.0084 -0.0233 1.0396
-0.4599 -0.7978 0.3899
0.2931 0.0900
2 0 0 0
1.0000 0.0000 0.0000 0.0000
-0.0097 -0.0241 1.0348
-0.5309 -0.8377 0.1278
0.2532 0.0900
2 0 0 0
1.0000 0.0000 0.0000 0.0000
-0.0000 -0.0266 1.0352
-0.2582 -0.9421 0.2138
0.2732 0.0102
2 0 0 0
1.0000 0.0000 0.0000 0.0000
-0.0048 -0.0228 1.0431
-0.2657 -0.7685 0.5821
0.3330 0.0900
2 0 0 0
1.0000 0.0000 0.0000 0.0000
-0.0000 -0.0266 1.0352
-0.1894 -0.9241 0.3318
0.3131 0.0102
2 0 0 0
1.0000 0.0000 0.0000 0.0000
-0.0000 -0.0226 1.0444
0.0000 -0.7578 0.6525
0.3729 0.0900
2 0 0 0
1.0000 0.0000 0.0000 0.0000
-0.0000 -0.0266 1.0352
-0.0690 -0.9137 0.4005
0.3530 0.0102
2 0 0 0
1.0000 0.0000 0.0000 0.0000
0.0048 -0.0228 1.0431
0.2655 -0.7685 0.5821
0.4128 0.0900
2 0 0 0
1.0000 0.0000 0.0000 0.0000
-0.0000 -0.0266 1.0352
0.0690 -0.9137 0.4005
0.3929 0.0102
2 0 0 0
1.0000 0.0000 0.0000 0.0000
0.0084 -0.0233 1.0396
0.4599 -0.7978 0.3898
0.4527 0.0900
2 0 0 0
1.0000 0.0000 0.0000 0.0000
-0.0000 -0.0266 1.0352
0.1894 -0.9241 0.3318
0.4328 0.0102
2 0 0 0
1.0000 0.0000 0.0000 0.0000
0.0097 -0.0241 1.0348
0.2582 -0.9421 0.2138
0.4926 0.0900
2 0 0 0
1.0000 0.0000 0.0000 0.0000
-0.0000 -0.0266 1.0352
0.2582 -0.9421 0.2138
0.4727 0.0102
2 0 0 0
1.0000 0.0000 0.0000 0.0000
0.0084 -0.0248 1.0300
0.4598 -0.8777 -0.1348
0.0537 0.0900
2 0 0 0
1.0000 0.0000 0.0000 0.0000
0.0097 -0.0241 1.0348
0.2582 -0.9630 0.0767
0.0138 0.0900
2 0 0 0
1.0000 0.0000 0.0000 0.0000
-0.0000 -0.0266 1.0352
0.2582 -0.9630 0.0767
0.0338 0.0102
2 0 0 0
1.0000 0.0000 0.0000 0.0000
0.0048 -0.0253 1.0265
0.2655 -0.9070 -0.3267
0.0936 0.0900
2 0 0 0
1.0000 0.0000 0.0000 0.0000
-0.0000 -0.0266 1.0352
0.1890 -0.9811 -0.0417
0.0737 0.0102
2 0 0 0
1.0000 0.0000 0.0000 0.0000
-0.0000 -0.0255 1.0252
0.0000 -0.9176 -0.3975
0.1335 0.0900
2 0 0 0
1.0000 0.0000 0.0000 0.0000
-0.0000 -0.0266 1.0352
0.0693 -0.9915 -0.1100
0.1136 0.0102
2 0 0 0
1.0000 0.0000 0.0000 0.0000
-0.0048 -0.0253 1.0265
-0.2655 -0.9070 -0.3267
0.1734 0.0900
2 0 0 0
1.0000 0.0000 0.0000 0.0000
-0.0000 -0.0266 1.0352
-0.0693 -0.9915 -0.1100
0.1535 0.0102
2 0 0 0
1.0000 0.0000 0.0000 0.0000
-0.0084 -0.0248 1.0300
-0.4598 -0.8777 -0.1348
0.2133 0.0900
2 0 0 0
1.0000 0.0000 0.0000 0.0000
-0.0000 -0.0266 1.0352
-0.1890 -0.9811 -0.0417
0.1934 0.0102
2 0 0 0
1.0000 0.0000 0.0000 0.0000
-0.0000 -0.0266 1.0352
-0.2582 -0.9630 0.0767
0.2333 0.0102
2 0 0 0
1.0000 0.0000 0.0000 0.0000
-0.0168 -0.0171 1.0337
-0.8759 -0.4769 0.0727
0.2532 0.1698
2 0 0 0
1.0000 0.0000 0.0000 0.0000
-0.0145 -0.0158 1.0420
-0.7586 -0.4108 0.5056
0.2931 0.1698
2 0 0 0
1.0000 0.0000 0.0000 0.0000
-0.0084 -0.0149 1.0481
-0.4380 -0.3624 0.8227
0.3330 0.1698
2 0 0 0
1.0000 0.0000 0.0000 0.0000
-0.0000 -0.0145 1.0503
0.0000 -0.3446 0.9387
0.3729 0.1698
2 0 0 0
1.0000 0.0000 0.0000 0.0000
0.0084 -0.0149 1.0481
0.4380 -0.3624 0.8227
0.4128 0.1698
2 0 0 0
1.0000 0.0000 0.0000 0.0000
0.0145 -0.0158 1.0420
0.7587 -0.4108 0.5056
0.4527 0.1698
2 0 0 0
1.0000 0.0000 0.0000 0.0000
0.0168 -0.0171 1.0337
0.6947 -0.6586 0.2890
0.4926 0.1698
2 0 0 0
1.0000 0.0000 0.0000 0.0000
0.0097 -0.0241 1.0348
0.6947 -0.6586 0.2890
0.4926 0.0900
2 0 0 0
1.0000 0.0000 0.0000 0.0000
0.0168 -0.0171 1.0337
0.6946 -0.6589 0.2886
0.4926 0.1698
2 0 0 0
1.0000 0.0000 0.0000 0.0000
0.0168 -0.0171 1.0337
0.6947 -0.7149 -0.0793
0.0138 0.1698
2 0 0 0
1.0000 0.0000 0.0000 0.0000
0.0097 -0.0241 1.0348
0.6947 -0.7149 -0.0793
0.0138 0.0900
2 0 0 0
1.0000 0.0000 0.0000 0.0000
0.0145 -0.0183 1.0254
0.7586 -0.5428 -0.3602
0.0537 0.1698
2 0 0 0
1.0000 0.0000 0.0000 0.0000
0.0168 -0.0171 1.0337
0.6947 -0.7149 -0.0793
0.0138 0.1698
2 0 0 0
1.0000 0.0000 0.0000 0.0000
0.0084 -0.0193 1.0194
0.4379 -0.5911 -0.6773
0.0936 0.1698
2 0 0 0
1.0000 0.0000 0.0000 0.0000
-0.0000 -0.0196 1.0172
0.0000 -0.6087 -0.7934
0.1335 0.1698
2 0 0 0
1.0000 0.0000 0.0000 0.0000
-0.0084 -0.0193 1.0194
-0.4379 -0.5911 -0.6773
0.1734 0.1698
2 0 0 0
1.0000 0.0000 0.0000 0.0000
-0.0145 -0.0183 1.0254
-0.7587 -0.5428 -0.3602
0.2133 0.1698
2 0 0 0
1.0000 0.0000 0.0000 0.0000
-0.0194 -0.0075 1.0323
-1.0000 0.0000 0.0000
0.2532 0.2496
2 0 0 0
1.0000 0.0000 0.0000 0.0000
-0.0168 -0.0060 1.0418
-0.8661 0.0754 0.4942
0.2931 0.2496
2 0 0 0
1.0000 0.0000 0.0000 0.0000
-0.0097 -0.0050 1.0489
-0.4999 0.1306 0.8562
0.3330 0.2496
2 0 0 0
1.0000 0.0000 0.0000 0.0000
0.0000 -0.0046 1.0514
0.0000 0.1508 0.9886
0.3729 0.2496
2 0 0 0
1.0000 0.0000 0.0000 0.0000
0.0097 -0.0050 1.0489
0.4999 0.1306 0.8562
0.4128 0.2496
2 0 0 0
1.0000 0.0000 0.0000 0.0000
0.0168 -0.0060 1.0418
0.8661 0.0754 0.4942
0.4527 0.2496
2 0 0 0
1.0000 0.0000 0.0000 0.0000
0.0194 -0.0075 1.0323
0.9351 -0.2100 0.2854
0.4926 0.2496
2 0 0 0
1.0000 0.0000 0.0000 0.0000
0.0168 -0.0171 1.0337
0.9351 -0.2100 0.2854
0.4926 0.1698
2 0 0 0
1.0000 0.0000 0.0000 0.0000
0.0194 -0.0075 1.0323
0.9351 -0.2098 0.2855
0.4926 0.2496
2 0 0 0
1.0000 0.0000 0.0000 0.0000
0.0194 -0.0075 1.0323
0.9351 -0.2855 -0.2098
0.0138 0.2496
2 0 0 0
1.0000 0.0000 0.0000 0.0000
0.0168 -0.0171 1.0337
0.9351 -0.2855 -0.2098
0.0138 0.1698
2 0 0 0
1.0000 0.0000 0.0000 0.0000
0.0168 -0.0090 1.0227
0.8661 -0.0754 -0.4942
0.0537 0.2496
2 0 0 0
1.0000 0.0000 0.0000 0.0000
0.0194 -0.0075 1.0323
0.9351 -0.2854 -0.2100
0.0138 0.2496
2 0 0 0
1.0000 0.0000 0.0000 0.0000
0.0097 -0.0100 1.0157
0.4999 -0.1306 -0.8562
0.0936 0.2496
2 0 0 0
1.0000 0.0000 0.0000 0.0000
-0.0000 -0.0104 1.0131
0.0000 -0.1508 -0.9886
0.1335 0.2496
2 0 0 0
1.0000 0.0000 0.0000 0.0000
-0.0097 -0.0100 1.0157
-0.4999 -0.1306 -0.8562
0.1734 0.2496
2 0 0 0
1.0000 0.0000 0.0000 0.0000
-0.0168 -0.0090 1.0227
-0.8661 -0.0754 -0.4942
0.2133 0.2496
2 0 0 0
1.0000 0.0000 0.0000 0.0000
-0.0145 0.0033 1.0391
-0.7586 0.5428 0.3602
0.2931 0.3294
2 0 0 0
1.0000 0.0000 0.0000 0.0000
-0.0168 0.0021 1.0308
-0.8759 0.4769 -0.0727
0.2532 0.3294
2 0 0 0
1.0000 0.0000 0.0000 0.0000
-0.0084 0.0043 1.0452
-0.4379 0.5911 0.6773
0.3330 0.3294
2 0 0 0
1.0000 0.0000 0.0000 0.0000
0.0000 0.0046 1.0474
0.0000 0.6087 0.7934
0.3729 0.3294
2 0 0 0
1.0000 0.0000 0.0000 0.0000
0.0084 0.0043 1.0452
0.4379 0.5911 0.6773
0.4128 0.3294
2 0 0 0
1.0000 0.0000 0.0000 0.0000
0.0145 0.0033 1.0391
0.7587 0.5428 0.3602
0.4527 0.3294
2 0 0 0
1.0000 0.0000 0.0000 0.0000
0.0194 -0.0075 1.0323
0.9351 0.2854 0.2100
0.4926 0.2496
2 0 0 0
1.0000 0.0000 0.0000 0.0000
0.0168 0.0021 1.0308
0.9351 0.2855 0.2099
0.4926 0.3294
2 0 0 0
1.0000 0.0000 0.0000 0.0000
0.0194 -0.0075 1.0323
0.9351 0.2855 0.2099
0.4926 0.2496
2 0 0 0
1.0000 0.0000 0.0000 0.0000
0.0145 0.0008 1.0225
0.7587 0.4108 -0.5056
0.0537 0.3294
2 0 0 0
1.0000 0.0000 0.0000 0.0000
0.0194 -0.0075 1.0323
0.9351 0.2098 -0.2855
0.0138 0.2496
2 0 0 0
1.0000 0.0000 0.0000 0.0000
0.0168 0.0021 1.0308
0.9351 0.2100 -0.2854
0.0138 0.3294
2 0 0 0
1.0000 0.0000 0.0000 0.0000
0.0194 -0.0075 1.0323
0.9351 0.2100 -0.2854
0.0138 0.2496
2 0 0 0
1.0000 0.0000 0.0000 0.0000
0.0084 -0.0001 1.0165
0.4380 0.3624 -0.8227
0.0936 0.3294
2 0 0 0
1.0000 0.0000 0.0000 0.0000
0.0000 -0.0004 1.0142
0.0000 0.3446 -0.9387
0.1335 0.3294
2 0 0 0
1.0000 0.0000 0.0000 0.0000
-0.0084 -0.0001 1.0165
-0.4380 0.3624 -0.8227
0.1734 0.3294
2 0 0 0
1.0000 0.0000 0.0000 0.0000
-0.0145 0.0008 1.0225
-0.7587 0.4108 -0.5056
0.2133 0.3294
2 0 0 0
1.0000 0.0000 0.0000 0.0000
-0.0084 0.0098 1.0345
-0.4598 0.8777 0.1348
0.2931 0.4092
2 0 0 0
1.0000 0.0000 0.0000 0.0000
-0.0097 0.0091 1.0297
-0.5309 0.8377 -0.1278
0.2532 0.4092
2 0 0 0
1.0000 0.0000 0.0000 0.0000
-0.0048 0.0103 1.0380
-0.2655 0.9070 0.3267
0.3330 0.4092
2 0 0 0
1.0000 0.0000 0.0000 0.0000
0.0000 0.0105 1.0393
0.0000 0.9176 0.3975
0.3729 0.4092
2 0 0 0
1.0000 0.0000 0.0000 0.0000
0.0048 0.0103 1.0380
0.2655 0.9070 0.3267
0.4128 0.4092
2 0 0 0
1.0000 0.0000 0.0000 0.0000
0.0084 0.0098 1.0345
0.4598 0.8777 0.1348
0.4527 0.4092
2 0 0 0
1.0000 0.0000 0.0000 0.0000
0.0168 0.0021 1.0308
0.6947 0.7149 0.0793
0.4926 0.3294
2 0 0 0
1.0000 0.0000 0.0000 0.0000
0.0097 0.0091 1.0297
0.6947 0.7149 0.0793
0.4926 0.4092
2 0 0 0
1.0000 0.0000 0.0000 0.0000
0.0168 0.0021 1.0308
0.6947 0.7149 0.0793
0.4926 0.3294
2 0 0 0
1.0000 0.0000 0.0000 0.0000
0.0084 0.0084 1.0250
0.4599 0.7978 -0.3898
0.0537 0.4092
2 0 0 0
1.0000 0.0000 0.0000 0.0000
0.0168 0.0021 1.0308
0.6946 0.6589 -0.2886
0.0138 0.3294
2 0 0 0
1.0000 0.0000 0.0000 0.0000
0.0097 0.0091 1.0297
0.6947 0.6586 -0.2891
0.0138 0.4092
2 0 0 0
1.0000 0.0000 0.0000 0.0000
0.0168 0.0021 1.0308
0.6947 0.6586 -0.2891
0.0138 0.3294
2 0 0 0
1.0000 0.0000 0.0000 0.0000
0.0048 0.0078 1.0215
0.2655 0.7685 -0.5821
0.0936 0.4092
2 0 0 0
1.0000 0.0000 0.0000 0.0000
0.0000 0.0076 1.0202
0.0000 0.7578 -0.6525
0.1335 0.4092
2 0 0 0
1.0000 0.0000 0.0000 0.0000
-0.0048 0.0078 1.0215
-0.2655 0.7685 -0.5821
0.1734 0.4092
2 0 0 0
1.0000 0.0000 0.0000 0.0000
-0.0084 0.0084 1.0250
-0.4599 0.7978 -0.3898
0.2133 0.4092
2 0 0 0
1.0000 0.0000 0.0000 0.0000
0.0000 0.0116 1.0294
-0.2582 0.9630 -0.0767
0.2732 0.4890
2 0 0 0
1.0000 0.0000 0.0000 0.0000
0.0000 0.0116 1.0294
-0.1890 0.9811 0.0417
0.3131 0.4890
2 0 0 0
1.0000 0.0000 0.0000 0.0000
0.0000 0.0116 1.0294
-0.0693 0.9915 0.1100
0.3530 0.4890
2 0 0 0
1.0000 0.0000 0.0000 0.0000
0.0000 0.0116 1.0294
0.0693 0.9915 0.1100
0.3929 0.4890
2 0 0 0
1.0000 0.0000 0.0000 0.0000
0.0000 0.0116 1.0294
0.1890 0.9811 0.0417
0.4328 0.4890
2 0 0 0
1.0000 0.0000 0.0000 0.0000
0.0000 0.0116 1.0294
0.2582 0.9630 -0.0767
0.4727 0.4890
2 0 0 0
1.0000 0.0000 0.0000 0.0000
0.0097 0.0091 1.0297
0.2582 0.9630 -0.0767
0.4926 0.4092
2 0 0 0
1.0000 0.0000 0.0000 0.0000
0.0000 0.0116 1.0294
0.2582 0.9421 -0.2138
0.0338 0.4890
2 0 0 0
1.0000 0.0000 0.0000 0.0000
0.0097 0.0091 1.0297
0.2582 0.9421 -0.2138
0.0138 0.4092
2 0 0 0
1.0000 0.0000 0.0000 0.0000
0.0000 0.0116 1.0294
0.1894 0.9241 -0.3318
0.0737 0.4890
2 0 0 0
1.0000 0.0000 0.0000 0.0000
0.0000 0.0116 1.0294
0.0690 0.9137 -0.4005
0.1136 0.4890
2 0 0 0
1.0000 0.0000 0.0000 0.0000
0.0000 0.0116 1.0294
-0.0690 0.9137 -0.4005
0.1535 0.4890
2 0 0 0
1.0000 0.0000 0.0000 0.0000
0.0000 0.0116 1.0294
-0.1894 0.9241 -0.3318
0.1934 0.4890
2 0 0 0
1.0000 0.0000 0.0000 0.0000
0.0000 0.0116 1.0294
-0.2582 0.9421 -0.2138
0.2333 0.4890
2 0 0 0
1.0000 0.0000 0.0000 0.0000
0.0242 0.0201 1.0526
0.9899 0.0213 0.1398
0.7360 0.5025
2 0 0 0
1.0000 0.0000 0.0000 0.0000
0.0000 0.0217 1.2237
0.0000 0.1506 0.9886
0.7356 0.9748
3 0 0 0
1.0000 0.0000 0.0000 0.0000
0.0242 -0.0278 1.0599
0.9899 0.0213 0.1398
0.6096 0.5201
2 0 0 0
1.0000 0.0000 0.0000 0.0000
0.0242 0.0201 1.0526
0.0000 0.9999 -0.0093
0.7360 0.5025
2 0 0 0
1.0000 0.0000 0.0000 0.0000
-0.0242 0.0201 1.0526
0.0000 0.9999 -0.0093
0.8634 0.5197
2 0 0 0
1.0000 0.0000 0.0000 0.0000
-0.0242 0.0201 1.0526
-0.9899 0.0213 0.1398
0.8634 0.5197
2 0 0 0
1.0000 0.0000 0.0000 0.0000
-0.0242 -0.0278 1.0599
-0.9899 0.0213 0.1398
0.9809 0.5701
2 0 0 0
1.0000 0.0000 0.0000 0.0000
-0.0242 0.0201 1.0526
0.0000 0.5924 -0.8056
0.8043 0.4790
2 0 0 0
1.0000 0.0000 0.0000 0.0000
0.0242 0.0201 1.0526
0.0000 0.5924 -0.8056
0.6778 0.4790
2 0 0 0
1.0000 0.0000 0.0000 0.0000
-0.0000 -0.0075 1.0323
0.0000 -0.1507 -0.9886
0.7411 0.4158
2 0 0 0
1.0000 0.0000 0.0000 0.0000
-0.0242 0.0201 1.0526
-0.7071 -0.1066 -0.6990
0.8043 0.4790
2 0 0 0
1.0000 0.0000 0.0000 0.0000
-0.0242 -0.0278 1.0599
-0.7071 -0.1066 -0.6990
0.8043 0.3525
2 0 0 0
1.0000 0.0000 0.0000 0.0000
0.0242 -0.0278 1.0599
0.0000 -0.8056 -0.5924
0.6778 0.3525
2 0 0 0
1.0000 0.0000 0.0000 0.0000
-0.0242 -0.0278 1.0599
0.0000 -0.8056 -0.5924
0.8043 0.3525
2 0 0 0
1.0000 0.0000 0.0000 0.0000
0.0242 0.0201 1.0526
0.7071 -0.1066 -0.6990
0.6778 0.4790
2 0 0 0
1.0000 0.0000 0.0000 0.0000
0.0242 -0.0278 1.0599
0.7071 -0.1066 -0.6990
0.6778 0.3525
2 0 0 0
1.0000 0.0000 0.0000 0.0000
-0.0242 -0.0278 1.0599
0.0000 -0.9573 0.2889
0.4937 0.5697
2 0 0 0
1.0000 0.0000 0.0000 0.0000
0.0242 -0.0278 1.0599
0.0000 -0.9573 0.2889
0.6096 0.5201
2 0 0 0
1.0000 0.0000 0.0000 0.0000
-0.0084 0.0049 1.2283
-0.4597 -0.8514 0.2525
0.2931 0.0900
3 0 0 0
1.0000 0.0000 0.0000 0.0000
